      112	2018-04-02 07:53:49	1	0	1	0
      103	2018-04-02 08:58:32	1	0	1	0
      110	2018-04-02 09:05:24	1	0	1	0
      111	2018-04-02 09:05:30	1	0	1	0
      114	2018-04-02 11:52:22	1	0	1	0
      115	2018-04-02 11:52:27	1	0	1	0
      118	2018-04-02 12:23:41	1	0	1	0
      116	2018-04-02 12:49:14	1	0	1	0
      117	2018-04-02 13:16:35	1	0	1	0
      120	2018-04-03 06:52:51	1	0	1	0
      116	2018-04-03 06:53:57	1	0	1	0
      102	2018-04-03 06:56:31	1	0	1	0
      114	2018-04-03 06:57:54	1	0	1	0
      113	2018-04-03 07:03:52	1	0	1	0
      107	2018-04-03 07:08:35	1	0	1	0
      112	2018-04-03 07:11:01	1	0	1	0
      118	2018-04-03 07:19:17	1	0	1	0
      104	2018-04-03 07:19:41	1	0	1	0
      103	2018-04-03 08:40:45	1	0	1	0
      110	2018-04-03 08:53:39	1	0	1	0
      100	2018-04-03 14:48:41	1	0	1	0
      100	2018-04-03 14:51:13	1	0	1	0
      500	2018-04-03 15:11:51	1	0	1	0
       42	2018-04-03 15:12:09	1	0	1	0
      121	2018-04-03 17:07:00	1	0	1	0
      121	2018-04-03 17:07:04	1	0	1	0
      122	2018-04-03 17:09:31	1	0	1	0
      122	2018-04-03 17:09:38	1	0	1	0
      123	2018-04-03 17:11:53	1	0	1	0
      123	2018-04-03 17:11:55	1	0	1	0
      124	2018-04-03 17:13:03	1	0	1	0
      124	2018-04-03 17:13:07	1	0	1	0
      125	2018-04-03 17:14:34	1	0	1	0
      125	2018-04-03 17:14:39	1	0	1	0
      126	2018-04-03 17:16:01	1	0	1	0
      126	2018-04-03 17:16:06	1	0	1	0
      127	2018-04-03 17:17:19	1	0	1	0
      127	2018-04-03 17:17:25	1	0	1	0
      128	2018-04-03 17:19:13	1	0	1	0
      128	2018-04-03 17:19:29	1	0	1	0
      100	2018-04-03 17:19:40	1	0	1	0
      120	2018-04-03 17:19:44	1	0	1	0
      107	2018-04-03 17:24:15	1	0	1	0
      129	2018-04-03 17:35:12	1	0	1	0
      129	2018-04-03 17:35:17	1	0	1	0
      104	2018-04-03 17:36:00	1	0	1	0
      101	2018-04-03 17:36:52	1	0	1	0
      102	2018-04-03 17:39:44	1	0	1	0
      110	2018-04-03 17:40:45	1	0	1	0
      112	2018-04-03 17:40:55	1	0	1	0
      117	2018-04-03 17:56:36	1	0	1	0
      115	2018-04-03 17:56:49	1	0	1	0
      113	2018-04-03 17:56:56	1	0	1	0
      103	2018-04-03 17:57:03	1	0	1	0
      116	2018-04-03 17:57:09	1	0	1	0
      114	2018-04-03 18:10:12	1	0	1	0
      105	2018-04-03 18:10:58	1	0	1	0
      129	2018-04-04 07:26:09	1	0	1	0
      125	2018-04-04 07:26:22	1	0	1	0
      120	2018-04-04 07:26:30	1	0	1	0
      126	2018-04-04 07:26:37	1	0	1	0
      127	2018-04-04 07:26:45	1	0	1	0
      110	2018-04-04 07:28:27	1	0	1	0
      110	2018-04-04 07:28:43	1	0	1	0
      121	2018-04-04 07:29:22	1	0	1	0
      116	2018-04-04 07:33:00	1	0	1	0
      124	2018-04-04 07:33:58	1	0	1	0
      123	2018-04-04 07:39:40	1	0	1	0
      104	2018-04-04 07:39:49	1	0	1	0
      122	2018-04-04 07:43:25	1	0	1	0
      119	2018-04-04 07:46:18	1	0	1	0
      112	2018-04-04 08:02:23	1	0	1	0
      105	2018-04-04 08:02:26	1	0	1	0
      107	2018-04-04 08:02:31	1	0	1	0
      128	2018-04-04 08:03:45	1	0	1	0
      106	2018-04-04 08:14:53	1	0	1	0
      103	2018-04-04 08:19:24	1	0	1	0
      114	2018-04-04 09:00:58	1	0	1	0
      111	2018-04-04 09:01:06	1	0	1	0
      102	2018-04-04 09:01:12	1	0	1	0
      130	2018-04-04 13:27:11	1	0	1	0
      130	2018-04-04 13:27:16	1	0	1	0
      100	2018-04-04 17:02:40	1	0	1	0
      124	2018-04-04 17:02:51	1	0	1	0
      127	2018-04-04 17:02:58	1	0	1	0
      122	2018-04-04 17:03:07	1	0	1	0
      125	2018-04-04 17:03:13	1	0	1	0
      123	2018-04-04 17:03:39	1	0	1	0
      121	2018-04-04 17:10:38	1	0	1	0
      104	2018-04-04 17:16:47	1	0	1	0
      120	2018-04-04 17:16:53	1	0	1	0
      107	2018-04-04 17:19:35	1	0	1	0
      110	2018-04-04 17:20:07	1	0	1	0
      106	2018-04-04 17:22:18	1	0	1	0
      128	2018-04-04 17:24:39	1	0	1	0
      114	2018-04-04 17:24:47	1	0	1	0
      126	2018-04-04 17:32:38	1	0	1	0
      112	2018-04-04 17:36:52	1	0	1	0
      112	2018-04-04 17:36:54	1	0	1	0
      130	2018-04-04 17:43:49	1	0	1	0
      118	2018-04-04 17:48:07	1	0	1	0
      117	2018-04-04 17:48:13	1	0	1	0
      116	2018-04-04 17:48:19	1	0	1	0
      113	2018-04-04 17:48:24	1	0	1	0
      115	2018-04-04 17:48:31	1	0	1	0
      111	2018-04-04 17:48:37	1	0	1	0
      103	2018-04-04 17:49:05	1	0	1	0
      102	2018-04-04 17:49:34	1	0	1	0
      129	2018-04-04 18:38:58	1	0	1	0
      129	2018-04-04 18:39:00	1	0	1	0
      101	2018-04-04 19:00:54	1	0	1	0
      101	2018-04-04 19:00:55	1	0	1	0
      129	2018-04-05 06:38:33	1	0	1	0
      129	2018-04-05 06:38:34	1	0	1	0
      106	2018-04-05 06:59:53	1	0	1	0
      127	2018-04-05 07:08:30	1	0	1	0
      125	2018-04-05 07:12:04	1	0	1	0
      130	2018-04-05 07:20:55	1	0	1	0
      126	2018-04-05 07:25:09	1	0	1	0
      121	2018-04-05 07:27:13	1	0	1	0
      123	2018-04-05 07:27:27	1	0	1	0
      124	2018-04-05 07:29:30	1	0	1	0
      110	2018-04-05 07:31:54	1	0	1	0
      105	2018-04-05 07:41:10	1	0	1	0
      122	2018-04-05 07:41:24	1	0	1	0
      102	2018-04-05 07:42:29	1	0	1	0
      120	2018-04-05 07:43:52	1	0	1	0
      120	2018-04-05 07:43:54	1	0	1	0
      128	2018-04-05 07:44:00	1	0	1	0
      104	2018-04-05 07:44:37	1	0	1	0
      107	2018-04-05 07:44:49	1	0	1	0
      119	2018-04-05 07:51:57	1	0	1	0
      114	2018-04-05 07:54:28	1	0	1	0
      116	2018-04-05 08:16:19	1	0	1	0
      103	2018-04-05 08:29:11	1	0	1	0
      111	2018-04-05 08:38:17	1	0	1	0
      125	2018-04-05 17:03:28	1	0	1	0
      121	2018-04-05 17:03:32	1	0	1	0
      127	2018-04-05 17:03:58	1	0	1	0
      126	2018-04-05 17:04:52	1	0	1	0
      114	2018-04-05 17:06:58	1	0	1	0
      110	2018-04-05 17:34:50	1	0	1	0
      124	2018-04-05 17:36:02	1	0	1	0
      122	2018-04-05 17:37:33	1	0	1	0
      128	2018-04-05 17:51:10	1	0	1	0
      117	2018-04-05 17:51:18	1	0	1	0
      113	2018-04-05 17:51:24	1	0	1	0
      111	2018-04-05 17:51:33	1	0	1	0
      116	2018-04-05 17:51:39	1	0	1	0
      130	2018-04-05 17:51:49	1	0	1	0
      104	2018-04-05 18:30:30	1	0	1	0
      123	2018-04-05 18:47:13	1	0	1	0
      129	2018-04-05 19:00:38	1	0	1	0
      103	2018-04-05 19:31:17	1	0	1	0
      121	2018-04-06 06:35:34	1	0	1	0
      129	2018-04-06 06:36:02	1	0	1	0
      129	2018-04-06 06:36:04	1	0	1	0
      125	2018-04-06 06:38:49	1	0	1	0
      127	2018-04-06 06:44:41	1	0	1	0
      126	2018-04-06 06:44:58	1	0	1	0
      120	2018-04-06 06:56:19	1	0	1	0
      122	2018-04-06 06:57:11	1	0	1	0
      130	2018-04-06 06:58:28	1	0	1	0
      123	2018-04-06 07:07:33	1	0	1	0
      124	2018-04-06 07:21:26	1	0	1	0
      107	2018-04-06 07:24:45	1	0	1	0
      103	2018-04-06 07:26:01	1	0	1	0
      112	2018-04-06 07:29:37	1	0	1	0
      106	2018-04-06 07:37:11	1	0	1	0
      105	2018-04-06 07:39:24	1	0	1	0
      104	2018-04-06 07:48:06	1	0	1	0
      104	2018-04-06 07:48:08	1	0	1	0
      110	2018-04-06 07:48:14	1	0	1	0
      110	2018-04-06 07:48:16	1	0	1	0
      116	2018-04-06 07:51:20	1	0	1	0
      101	2018-04-06 08:09:38	1	0	1	0
      128	2018-04-06 09:29:23	1	0	1	0
      114	2018-04-06 09:29:29	1	0	1	0
      111	2018-04-06 09:29:35	1	0	1	0
      121	2018-04-06 14:03:46	1	0	1	0
      125	2018-04-06 14:03:53	1	0	1	0
      124	2018-04-06 14:04:00	1	0	1	0
      122	2018-04-06 14:22:52	1	0	1	0
      123	2018-04-06 14:22:59	1	0	1	0
      115	2018-04-06 15:26:24	1	0	1	0
      104	2018-04-06 16:02:00	1	0	1	0
      127	2018-04-06 16:07:45	1	0	1	0
      126	2018-04-06 16:07:46	1	0	1	0
      113	2018-04-06 16:15:46	1	0	1	0
      117	2018-04-06 16:15:50	1	0	1	0
      130	2018-04-06 16:15:57	1	0	1	0
      128	2018-04-06 16:16:15	1	0	1	0
      114	2018-04-06 16:16:22	1	0	1	0
      111	2018-04-06 16:21:19	1	0	1	0
      110	2018-04-06 16:21:48	1	0	1	0
      112	2018-04-06 16:21:56	1	0	1	0
      112	2018-04-06 16:21:58	1	0	1	0
      116	2018-04-06 16:22:03	1	0	1	0
      103	2018-04-06 16:22:10	1	0	1	0
      105	2018-04-06 16:24:15	1	0	1	0
      100	2018-04-06 16:24:22	1	0	1	0
      129	2018-04-06 18:07:52	1	0	1	0
      129	2018-04-06 18:07:55	1	0	1	0
      129	2018-04-06 18:07:57	1	0	1	0
      125	2018-04-09 07:11:48	1	0	1	0
      110	2018-04-09 07:20:37	1	0	1	0
      124	2018-04-09 07:20:50	1	0	1	0
      107	2018-04-09 07:23:34	1	0	1	0
      127	2018-04-09 07:24:29	1	0	1	0
      130	2018-04-09 07:24:48	1	0	1	0
      121	2018-04-09 07:27:23	1	0	1	0
      116	2018-04-09 07:28:16	1	0	1	0
      122	2018-04-09 07:29:29	1	0	1	0
      126	2018-04-09 07:29:40	1	0	1	0
      120	2018-04-09 07:33:18	1	0	1	0
      106	2018-04-09 07:37:24	1	0	1	0
      105	2018-04-09 07:39:30	1	0	1	0
      123	2018-04-09 07:40:27	1	0	1	0
      119	2018-04-09 07:43:28	1	0	1	0
      118	2018-04-09 07:44:01	1	0	1	0
      112	2018-04-09 07:45:59	1	0	1	0
      102	2018-04-09 07:51:05	1	0	1	0
      104	2018-04-09 07:53:08	1	0	1	0
      101	2018-04-09 08:04:22	1	0	1	0
      128	2018-04-09 08:08:11	1	0	1	0
      103	2018-04-09 08:41:53	1	0	1	0
      114	2018-04-09 08:44:27	1	0	1	0
      102	2018-04-09 17:04:05	1	0	1	0
      124	2018-04-09 17:07:22	1	0	1	0
      125	2018-04-09 17:07:35	1	0	1	0
      121	2018-04-09 17:07:58	1	0	1	0
      120	2018-04-09 17:08:04	1	0	1	0
      123	2018-04-09 17:08:15	1	0	1	0
      101	2018-04-09 17:10:20	1	0	1	0
      101	2018-04-09 17:10:21	1	0	1	0
      112	2018-04-09 17:12:28	1	0	1	0
      104	2018-04-09 17:13:53	1	0	1	0
      104	2018-04-09 17:13:56	1	0	1	0
      122	2018-04-09 17:14:19	1	0	1	0
      118	2018-04-09 17:19:26	1	0	1	0
      113	2018-04-09 17:19:43	1	0	1	0
      128	2018-04-09 17:19:57	1	0	1	0
      114	2018-04-09 17:20:04	1	0	1	0
      117	2018-04-09 17:20:11	1	0	1	0
      115	2018-04-09 17:20:17	1	0	1	0
      116	2018-04-09 17:20:22	1	0	1	0
      130	2018-04-09 17:20:28	1	0	1	0
      111	2018-04-09 17:21:07	1	0	1	0
      103	2018-04-09 17:21:25	1	0	1	0
      119	2018-04-09 17:22:01	1	0	1	0
      127	2018-04-09 17:22:37	1	0	1	0
      126	2018-04-09 17:22:48	1	0	1	0
      106	2018-04-09 17:23:01	1	0	1	0
      110	2018-04-09 17:39:22	1	0	1	0
      105	2018-04-09 17:39:26	1	0	1	0
      107	2018-04-09 17:39:41	1	0	1	0
      100	2018-04-09 17:43:20	1	0	1	0
      105	2018-04-10 07:01:03	1	0	1	0
      127	2018-04-10 07:07:49	1	0	1	0
      125	2018-04-10 07:10:48	1	0	1	0
      124	2018-04-10 07:18:38	1	0	1	0
      130	2018-04-10 07:22:54	1	0	1	0
      126	2018-04-10 07:28:57	1	0	1	0
      123	2018-04-10 07:30:58	1	0	1	0
      116	2018-04-10 07:31:11	1	0	1	0
      120	2018-04-10 07:39:17	1	0	1	0
      122	2018-04-10 07:42:04	1	0	1	0
      107	2018-04-10 07:43:39	1	0	1	0
      119	2018-04-10 07:47:09	1	0	1	0
      112	2018-04-10 07:56:28	1	0	1	0
      104	2018-04-10 07:57:18	1	0	1	0
      106	2018-04-10 08:04:11	1	0	1	0
      128	2018-04-10 08:07:50	1	0	1	0
      114	2018-04-10 08:37:06	1	0	1	0
      123	2018-04-10 17:04:31	1	0	1	0
      121	2018-04-10 17:04:56	1	0	1	0
      124	2018-04-10 17:05:24	1	0	1	0
      106	2018-04-10 17:24:58	1	0	1	0
      126	2018-04-10 17:26:15	1	0	1	0
      127	2018-04-10 17:26:22	1	0	1	0
      125	2018-04-10 17:39:07	1	0	1	0
      119	2018-04-10 17:50:41	1	0	1	0
      100	2018-04-10 17:51:02	1	0	1	0
      114	2018-04-10 17:55:34	1	0	1	0
      128	2018-04-10 17:55:42	1	0	1	0
      112	2018-04-10 17:55:48	1	0	1	0
      113	2018-04-10 17:55:53	1	0	1	0
      117	2018-04-10 17:55:57	1	0	1	0
      118	2018-04-10 17:56:02	1	0	1	0
      130	2018-04-10 17:56:11	1	0	1	0
      111	2018-04-10 17:56:17	1	0	1	0
      104	2018-04-10 17:58:47	1	0	1	0
      122	2018-04-10 18:18:57	1	0	1	0
      120	2018-04-10 18:25:43	1	0	1	0
      105	2018-04-10 18:54:57	1	0	1	0
      130	2018-04-11 07:15:12	1	0	1	0
      125	2018-04-11 07:20:16	1	0	1	0
      125	2018-04-11 07:20:18	1	0	1	0
      122	2018-04-11 07:22:56	1	0	1	0
      124	2018-04-11 07:22:59	1	0	1	0
      123	2018-04-11 07:28:14	1	0	1	0
      127	2018-04-11 07:37:36	1	0	1	0
      126	2018-04-11 07:38:06	1	0	1	0
      121	2018-04-11 07:38:28	1	0	1	0
      119	2018-04-11 07:50:47	1	0	1	0
      104	2018-04-11 07:52:44	1	0	1	0
      128	2018-04-11 07:54:24	1	0	1	0
      105	2018-04-11 07:55:30	1	0	1	0
      120	2018-04-11 07:59:19	1	0	1	0
      120	2018-04-11 07:59:21	1	0	1	0
      106	2018-04-11 08:05:23	1	0	1	0
      107	2018-04-11 08:22:18	1	0	1	0
      102	2018-04-11 08:24:57	1	0	1	0
      114	2018-04-11 08:28:13	1	0	1	0
      103	2018-04-11 09:13:28	1	0	1	0
      125	2018-04-11 17:01:46	1	0	1	0
      123	2018-04-11 17:04:37	1	0	1	0
      121	2018-04-11 17:04:50	1	0	1	0
      124	2018-04-11 17:06:46	1	0	1	0
      119	2018-04-11 17:09:49	1	0	1	0
      118	2018-04-11 17:09:54	1	0	1	0
      114	2018-04-11 17:10:09	1	0	1	0
      117	2018-04-11 17:11:25	1	0	1	0
      113	2018-04-11 17:11:30	1	0	1	0
      127	2018-04-11 17:11:35	1	0	1	0
      126	2018-04-11 17:11:37	1	0	1	0
      128	2018-04-11 17:11:45	1	0	1	0
      111	2018-04-11 17:11:52	1	0	1	0
      130	2018-04-11 17:11:58	1	0	1	0
      102	2018-04-11 17:12:08	1	0	1	0
      103	2018-04-11 17:12:20	1	0	1	0
      106	2018-04-11 17:13:41	1	0	1	0
      105	2018-04-11 17:15:45	1	0	1	0
      107	2018-04-11 17:15:51	1	0	1	0
      107	2018-04-11 17:16:09	1	0	1	0
      122	2018-04-11 17:53:19	1	0	1	0
      104	2018-04-11 17:53:54	1	0	1	0
      120	2018-04-11 17:54:05	1	0	1	0
      120	2018-04-11 17:54:07	1	0	1	0
      121	2018-04-12 07:19:03	1	0	1	0
      124	2018-04-12 07:23:12	1	0	1	0
      130	2018-04-12 07:27:12	1	0	1	0
      126	2018-04-12 07:30:58	1	0	1	0
      125	2018-04-12 07:32:12	1	0	1	0
      127	2018-04-12 07:33:34	1	0	1	0
      120	2018-04-12 07:37:58	1	0	1	0
      123	2018-04-12 07:40:52	1	0	1	0
      122	2018-04-12 07:41:20	1	0	1	0
      105	2018-04-12 07:43:09	1	0	1	0
      102	2018-04-12 07:44:42	1	0	1	0
      105	2018-04-12 07:44:51	1	0	1	0
      112	2018-04-12 07:49:55	1	0	1	0
      107	2018-04-12 07:51:02	1	0	1	0
      114	2018-04-12 07:52:15	1	0	1	0
      106	2018-04-12 07:58:26	1	0	1	0
      104	2018-04-12 08:00:12	1	0	1	0
      110	2018-04-12 08:04:25	1	0	1	0
      119	2018-04-12 08:07:02	1	0	1	0
      128	2018-04-12 08:13:01	1	0	1	0
      103	2018-04-12 10:22:11	1	0	1	0
      121	2018-04-12 17:06:15	1	0	1	0
      123	2018-04-12 17:11:42	1	0	1	0
      124	2018-04-12 17:13:20	1	0	1	0
      125	2018-04-12 17:13:27	1	0	1	0
      102	2018-04-12 17:14:14	1	0	1	0
      128	2018-04-12 17:25:35	1	0	1	0
      114	2018-04-12 17:25:41	1	0	1	0
      126	2018-04-12 17:25:48	1	0	1	0
      127	2018-04-12 17:25:56	1	0	1	0
      130	2018-04-12 17:26:01	1	0	1	0
      122	2018-04-12 17:28:29	1	0	1	0
      119	2018-04-12 17:30:01	1	0	1	0
      118	2018-04-12 17:30:06	1	0	1	0
      117	2018-04-12 17:30:18	1	0	1	0
      115	2018-04-12 17:30:24	1	0	1	0
      113	2018-04-12 17:30:28	1	0	1	0
      111	2018-04-12 17:30:35	1	0	1	0
      105	2018-04-12 17:30:48	1	0	1	0
      106	2018-04-12 17:30:59	1	0	1	0
      107	2018-04-12 17:31:02	1	0	1	0
      107	2018-04-12 17:41:22	1	0	1	0
      104	2018-04-12 17:55:59	1	0	1	0
      104	2018-04-12 17:56:00	1	0	1	0
      120	2018-04-12 17:56:21	1	0	1	0
      103	2018-04-12 18:10:50	1	0	1	0
      112	2018-04-12 18:16:52	1	0	1	0
      110	2018-04-12 18:16:54	1	0	1	0
      127	2018-04-13 06:55:08	1	0	1	0
      104	2018-04-13 07:00:43	1	0	1	0
      126	2018-04-13 07:07:54	1	0	1	0
      112	2018-04-13 07:57:09	1	0	1	0
      110	2018-04-13 08:02:12	1	0	1	0
      121	2018-04-13 08:31:19	1	0	1	0
      123	2018-04-13 08:31:24	1	0	1	0
      125	2018-04-13 08:42:03	1	0	1	0
      124	2018-04-13 08:42:13	1	0	1	0
      114	2018-04-13 09:02:16	1	0	1	0
      128	2018-04-13 09:08:45	1	0	1	0
      102	2018-04-13 09:59:34	1	0	1	0
      123	2018-04-13 14:06:31	1	0	1	0
      124	2018-04-13 14:12:23	1	0	1	0
      125	2018-04-13 14:12:29	1	0	1	0
      121	2018-04-13 14:16:16	1	0	1	0
      102	2018-04-13 14:47:07	1	0	1	0
      120	2018-04-13 14:59:36	1	0	1	0
      118	2018-04-13 15:07:39	1	0	1	0
      126	2018-04-13 15:11:03	1	0	1	0
      127	2018-04-13 15:11:08	1	0	1	0
      105	2018-04-13 15:44:16	1	0	1	0
      119	2018-04-13 15:44:27	1	0	1	0
      104	2018-04-13 15:46:52	1	0	1	0
      101	2018-04-13 15:56:07	1	0	1	0
      117	2018-04-13 15:59:56	1	0	1	0
      113	2018-04-13 16:00:02	1	0	1	0
      115	2018-04-13 16:00:09	1	0	1	0
      128	2018-04-13 16:00:15	1	0	1	0
      114	2018-04-13 16:00:21	1	0	1	0
      111	2018-04-13 16:00:27	1	0	1	0
      110	2018-04-13 16:00:44	1	0	1	0
      112	2018-04-13 16:00:54	1	0	1	0
      127	2018-04-16 07:11:25	1	0	1	0
      125	2018-04-16 07:12:52	1	0	1	0
      130	2018-04-16 07:16:29	1	0	1	0
      121	2018-04-16 07:16:46	1	0	1	0
      124	2018-04-16 07:22:01	1	0	1	0
      116	2018-04-16 07:22:20	1	0	1	0
      106	2018-04-16 07:29:45	1	0	1	0
      120	2018-04-16 07:29:57	1	0	1	0
      102	2018-04-16 07:30:42	1	0	1	0
      107	2018-04-16 07:32:20	1	0	1	0
      105	2018-04-16 07:35:01	1	0	1	0
      105	2018-04-16 07:36:59	1	0	1	0
      123	2018-04-16 07:38:21	1	0	1	0
      114	2018-04-16 07:46:23	1	0	1	0
      128	2018-04-16 07:49:07	1	0	1	0
      112	2018-04-16 07:49:13	1	0	1	0
      119	2018-04-16 07:49:18	1	0	1	0
      118	2018-04-16 07:53:06	1	0	1	0
      104	2018-04-16 07:54:19	1	0	1	0
      122	2018-04-16 07:58:28	1	0	1	0
      101	2018-04-16 08:00:32	1	0	1	0
      103	2018-04-16 08:24:52	1	0	1	0
      110	2018-04-16 08:36:27	1	0	1	0
      104	2018-04-16 09:27:04	1	0	1	0
      123	2018-04-16 17:02:26	1	0	1	0
      124	2018-04-16 17:04:00	1	0	1	0
      121	2018-04-16 17:07:32	1	0	1	0
      125	2018-04-16 17:10:45	1	0	1	0
      127	2018-04-16 17:10:51	1	0	1	0
      110	2018-04-16 17:10:57	1	0	1	0
      112	2018-04-16 17:16:40	1	0	1	0
      107	2018-04-16 17:19:27	1	0	1	0
      120	2018-04-16 17:33:12	1	0	1	0
      102	2018-04-16 17:33:25	1	0	1	0
      106	2018-04-16 17:33:29	1	0	1	0
      105	2018-04-16 17:33:34	1	0	1	0
      107	2018-04-16 17:33:41	1	0	1	0
      119	2018-04-16 17:33:56	1	0	1	0
      101	2018-04-16 17:34:46	1	0	1	0
      122	2018-04-16 17:46:43	1	0	1	0
      104	2018-04-16 17:47:09	1	0	1	0
      118	2018-04-16 17:51:48	1	0	1	0
      117	2018-04-16 17:51:58	1	0	1	0
      115	2018-04-16 17:52:06	1	0	1	0
      114	2018-04-16 17:52:15	1	0	1	0
      113	2018-04-16 17:52:19	1	0	1	0
      116	2018-04-16 17:52:25	1	0	1	0
      103	2018-04-16 17:52:28	1	0	1	0
      130	2018-04-16 17:52:33	1	0	1	0
      128	2018-04-16 17:52:38	1	0	1	0
      111	2018-04-16 17:52:44	1	0	1	0
      100	2018-04-16 18:29:34	1	0	1	0
      120	2018-04-17 07:21:49	1	0	1	0
      120	2018-04-17 07:21:50	1	0	1	0
      125	2018-04-17 07:22:13	1	0	1	0
      124	2018-04-17 07:22:36	1	0	1	0
      121	2018-04-17 07:22:52	1	0	1	0
      130	2018-04-17 07:25:44	1	0	1	0
      126	2018-04-17 07:27:40	1	0	1	0
      123	2018-04-17 07:36:15	1	0	1	0
      116	2018-04-17 07:38:49	1	0	1	0
      127	2018-04-17 07:41:29	1	0	1	0
      105	2018-04-17 07:41:39	1	0	1	0
      114	2018-04-17 07:46:31	1	0	1	0
      107	2018-04-17 07:46:37	1	0	1	0
      106	2018-04-17 07:46:43	1	0	1	0
      119	2018-04-17 07:46:45	1	0	1	0
      122	2018-04-17 07:52:51	1	0	1	0
      104	2018-04-17 07:55:46	1	0	1	0
      128	2018-04-17 08:00:29	1	0	1	0
      102	2018-04-17 08:05:47	1	0	1	0
      110	2018-04-17 08:31:59	1	0	1	0
      103	2018-04-17 10:04:33	1	0	1	0
      127	2018-04-17 16:59:05	1	0	1	0
      123	2018-04-17 17:01:43	1	0	1	0
      124	2018-04-17 17:04:03	1	0	1	0
      127	2018-04-17 17:05:21	1	0	1	0
      110	2018-04-17 17:05:25	1	0	1	0
      125	2018-04-17 17:06:12	1	0	1	0
      120	2018-04-17 17:08:20	1	0	1	0
      102	2018-04-17 17:13:27	1	0	1	0
      101	2018-04-17 17:17:43	1	0	1	0
      104	2018-04-17 17:19:00	1	0	1	0
      105	2018-04-17 17:33:34	1	0	1	0
      107	2018-04-17 17:37:48	1	0	1	0
      106	2018-04-17 17:37:58	1	0	1	0
      104	2018-04-17 17:46:21	1	0	1	0
      122	2018-04-17 17:46:52	1	0	1	0
      114	2018-04-17 17:58:37	1	0	1	0
      128	2018-04-17 17:58:45	1	0	1	0
      103	2018-04-17 17:58:52	1	0	1	0
      116	2018-04-17 17:58:57	1	0	1	0
      115	2018-04-17 18:07:49	1	0	1	0
      117	2018-04-17 18:08:00	1	0	1	0
      118	2018-04-17 18:08:06	1	0	1	0
      113	2018-04-17 18:08:10	1	0	1	0
      111	2018-04-17 18:08:16	1	0	1	0
      130	2018-04-17 18:15:44	1	0	1	0
      119	2018-04-17 18:39:52	1	0	1	0
      121	2018-04-18 07:14:55	1	0	1	0
      130	2018-04-18 07:24:41	1	0	1	0
      127	2018-04-18 07:26:10	1	0	1	0
      123	2018-04-18 07:28:38	1	0	1	0
      125	2018-04-18 07:33:15	1	0	1	0
      105	2018-04-18 07:33:28	1	0	1	0
      126	2018-04-18 07:34:05	1	0	1	0
      122	2018-04-18 07:34:16	1	0	1	0
      106	2018-04-18 07:34:57	1	0	1	0
      124	2018-04-18 07:35:34	1	0	1	0
      120	2018-04-18 07:41:21	1	0	1	0
      116	2018-04-18 07:42:03	1	0	1	0
      104	2018-04-18 07:47:06	1	0	1	0
      128	2018-04-18 07:49:12	1	0	1	0
      107	2018-04-18 07:50:23	1	0	1	0
      119	2018-04-18 07:52:16	1	0	1	0
      110	2018-04-18 08:13:45	1	0	1	0
      114	2018-04-18 08:55:57	1	0	1	0
      121	2018-04-18 17:02:23	1	0	1	0
      124	2018-04-18 17:02:28	1	0	1	0
      115	2018-04-18 17:03:34	1	0	1	0
      118	2018-04-18 17:03:38	1	0	1	0
      118	2018-04-18 17:03:42	1	0	1	0
      117	2018-04-18 17:03:47	1	0	1	0
      117	2018-04-18 17:03:49	1	0	1	0
      127	2018-04-18 17:05:50	1	0	1	0
      106	2018-04-18 17:06:51	1	0	1	0
      125	2018-04-18 17:07:11	1	0	1	0
      102	2018-04-18 17:09:15	1	0	1	0
      102	2018-04-18 17:09:21	1	0	1	0
      119	2018-04-18 17:09:28	1	0	1	0
      119	2018-04-18 17:09:31	1	0	1	0
      126	2018-04-18 17:11:46	1	0	1	0
      101	2018-04-18 17:19:07	1	0	1	0
      107	2018-04-18 17:19:31	1	0	1	0
      128	2018-04-18 17:25:55	1	0	1	0
      114	2018-04-18 17:26:03	1	0	1	0
      113	2018-04-18 17:26:07	1	0	1	0
      103	2018-04-18 17:26:17	1	0	1	0
      116	2018-04-18 17:26:21	1	0	1	0
      130	2018-04-18 17:26:27	1	0	1	0
      110	2018-04-18 17:53:54	1	0	1	0
      111	2018-04-18 18:09:10	1	0	1	0
      120	2018-04-18 18:34:05	1	0	1	0
      120	2018-04-18 18:34:06	1	0	1	0
      104	2018-04-18 18:34:15	1	0	1	0
      122	2018-04-18 18:38:24	1	0	1	0
      121	2018-04-19 07:21:02	1	0	1	0
      130	2018-04-19 07:27:54	1	0	1	0
      127	2018-04-19 07:29:32	1	0	1	0
      123	2018-04-19 07:43:15	1	0	1	0
      125	2018-04-19 07:43:48	1	0	1	0
      116	2018-04-19 07:46:48	1	0	1	0
      126	2018-04-19 07:48:55	1	0	1	0
      120	2018-04-19 07:50:41	1	0	1	0
      124	2018-04-19 07:51:29	1	0	1	0
      112	2018-04-19 07:53:59	1	0	1	0
      110	2018-04-19 07:59:09	1	0	1	0
      122	2018-04-19 08:07:05	1	0	1	0
      119	2018-04-19 08:13:06	1	0	1	0
      107	2018-04-19 08:13:12	1	0	1	0
      106	2018-04-19 08:16:05	1	0	1	0
      105	2018-04-19 08:19:03	1	0	1	0
      128	2018-04-19 08:23:58	1	0	1	0
      104	2018-04-19 08:32:18	1	0	1	0
      114	2018-04-19 08:51:00	1	0	1	0
      102	2018-04-19 08:55:56	1	0	1	0
      103	2018-04-19 09:29:18	1	0	1	0
      102	2018-04-19 16:59:39	1	0	1	0
      123	2018-04-19 17:00:09	1	0	1	0
      124	2018-04-19 17:03:01	1	0	1	0
      121	2018-04-19 17:03:04	1	0	1	0
      125	2018-04-19 17:05:44	1	0	1	0
      126	2018-04-19 17:07:09	1	0	1	0
      119	2018-04-19 17:13:08	1	0	1	0
      118	2018-04-19 17:13:14	1	0	1	0
      118	2018-04-19 17:13:18	1	0	1	0
      119	2018-04-19 17:13:21	1	0	1	0
      101	2018-04-19 17:26:38	1	0	1	0
      106	2018-04-19 17:30:51	1	0	1	0
      107	2018-04-19 17:31:40	1	0	1	0
      105	2018-04-19 17:33:26	1	0	1	0
      127	2018-04-19 17:36:09	1	0	1	0
      104	2018-04-19 17:41:02	1	0	1	0
      120	2018-04-19 17:49:45	1	0	1	0
      111	2018-04-19 17:54:08	1	0	1	0
      112	2018-04-19 17:54:31	1	0	1	0
      110	2018-04-19 17:54:34	1	0	1	0
      114	2018-04-19 18:00:14	1	0	1	0
      115	2018-04-19 18:00:20	1	0	1	0
      117	2018-04-19 18:00:26	1	0	1	0
      117	2018-04-19 18:00:28	1	0	1	0
      128	2018-04-19 18:00:37	1	0	1	0
      128	2018-04-19 18:00:44	1	0	1	0
      113	2018-04-19 18:00:50	1	0	1	0
      113	2018-04-19 18:00:52	1	0	1	0
      103	2018-04-19 18:00:55	1	0	1	0
      103	2018-04-19 18:00:57	1	0	1	0
      116	2018-04-19 18:01:05	1	0	1	0
      116	2018-04-19 18:01:08	1	0	1	0
      122	2018-04-19 18:04:07	1	0	1	0
      130	2018-04-19 18:41:59	1	0	1	0
      121	2018-04-20 06:36:48	1	0	1	0
      120	2018-04-20 06:47:50	1	0	1	0
      125	2018-04-20 06:54:47	1	0	1	0
      122	2018-04-20 06:57:53	1	0	1	0
      112	2018-04-20 07:09:03	1	0	1	0
      126	2018-04-20 07:09:54	1	0	1	0
      105	2018-04-20 07:21:17	1	0	1	0
      105	2018-04-20 07:23:57	1	0	1	0
      127	2018-04-20 07:25:34	1	0	1	0
      107	2018-04-20 07:31:02	1	0	1	0
      128	2018-04-20 07:40:12	1	0	1	0
      123	2018-04-20 07:41:30	1	0	1	0
      124	2018-04-20 07:41:49	1	0	1	0
      106	2018-04-20 07:58:09	1	0	1	0
      116	2018-04-20 07:59:19	1	0	1	0
      104	2018-04-20 08:00:35	1	0	1	0
      110	2018-04-20 08:17:06	1	0	1	0
      114	2018-04-20 09:26:47	1	0	1	0
      102	2018-04-20 09:43:41	1	0	1	0
      107	2018-04-20 14:09:59	1	0	1	0
      106	2018-04-20 14:10:03	1	0	1	0
      123	2018-04-20 14:10:12	1	0	1	0
      105	2018-04-20 14:11:13	1	0	1	0
      105	2018-04-20 14:14:59	1	0	1	0
      125	2018-04-20 14:15:52	1	0	1	0
      121	2018-04-20 14:20:16	1	0	1	0
      119	2018-04-20 14:26:12	1	0	1	0
      119	2018-04-20 14:26:15	1	0	1	0
      124	2018-04-20 14:26:57	1	0	1	0
      122	2018-04-20 14:36:42	1	0	1	0
      102	2018-04-20 14:52:36	1	0	1	0
      127	2018-04-20 14:58:32	1	0	1	0
      126	2018-04-20 14:58:37	1	0	1	0
      104	2018-04-20 15:07:39	1	0	1	0
      101	2018-04-20 15:17:40	1	0	1	0
      111	2018-04-20 15:21:55	1	0	1	0
      120	2018-04-20 15:58:49	1	0	1	0
      112	2018-04-20 16:28:37	1	0	1	0
      110	2018-04-20 16:28:47	1	0	1	0
      113	2018-04-20 16:47:13	1	0	1	0
      116	2018-04-20 16:47:19	1	0	1	0
      116	2018-04-20 16:47:22	1	0	1	0
      128	2018-04-20 16:47:29	1	0	1	0
      128	2018-04-20 16:47:32	1	0	1	0
      118	2018-04-20 16:47:39	1	0	1	0
      118	2018-04-20 16:47:42	1	0	1	0
      117	2018-04-20 16:47:47	1	0	1	0
      117	2018-04-20 16:47:53	1	0	1	0
      113	2018-04-20 16:47:58	1	0	1	0
      103	2018-04-20 16:48:03	1	0	1	0
      103	2018-04-20 16:48:06	1	0	1	0
      114	2018-04-20 16:48:12	1	0	1	0
      114	2018-04-20 16:48:16	1	0	1	0
      127	2018-04-23 06:56:57	1	0	1	0
      105	2018-04-23 07:01:48	1	0	1	0
      121	2018-04-23 07:16:11	1	0	1	0
      124	2018-04-23 07:26:23	1	0	1	0
      107	2018-04-23 07:28:01	1	0	1	0
      116	2018-04-23 07:32:38	1	0	1	0
      126	2018-04-23 07:33:43	1	0	1	0
      122	2018-04-23 07:35:07	1	0	1	0
      125	2018-04-23 07:36:05	1	0	1	0
      119	2018-04-23 07:37:19	1	0	1	0
      120	2018-04-23 07:39:37	1	0	1	0
      112	2018-04-23 07:41:03	1	0	1	0
      114	2018-04-23 07:43:24	1	0	1	0
      123	2018-04-23 07:44:14	1	0	1	0
      106	2018-04-23 07:50:27	1	0	1	0
      101	2018-04-23 07:59:26	1	0	1	0
      110	2018-04-23 08:09:46	1	0	1	0
      102	2018-04-23 09:28:16	1	0	1	0
      103	2018-04-23 09:42:14	1	0	1	0
      103	2018-04-23 09:42:16	1	0	1	0
      106	2018-04-23 17:00:20	1	0	1	0
      119	2018-04-23 17:02:02	1	0	1	0
      112	2018-04-23 17:02:05	1	0	1	0
      119	2018-04-23 17:02:07	1	0	1	0
      110	2018-04-23 17:02:11	1	0	1	0
      110	2018-04-23 17:02:12	1	0	1	0
      112	2018-04-23 17:02:19	1	0	1	0
      117	2018-04-23 17:02:23	1	0	1	0
      117	2018-04-23 17:02:25	1	0	1	0
      118	2018-04-23 17:02:30	1	0	1	0
      118	2018-04-23 17:02:33	1	0	1	0
      124	2018-04-23 17:03:39	1	0	1	0
      125	2018-04-23 17:04:19	1	0	1	0
      102	2018-04-23 17:04:41	1	0	1	0
      120	2018-04-23 17:05:35	1	0	1	0
      114	2018-04-23 17:05:49	1	0	1	0
      114	2018-04-23 17:06:00	1	0	1	0
      113	2018-04-23 17:06:04	1	0	1	0
      113	2018-04-23 17:06:11	1	0	1	0
      115	2018-04-23 17:06:46	1	0	1	0
      115	2018-04-23 17:06:50	1	0	1	0
      103	2018-04-23 17:06:56	1	0	1	0
      103	2018-04-23 17:06:58	1	0	1	0
      116	2018-04-23 17:07:18	1	0	1	0
      116	2018-04-23 17:07:22	1	0	1	0
      121	2018-04-23 17:08:15	1	0	1	0
      111	2018-04-23 17:09:51	1	0	1	0
      122	2018-04-23 17:09:59	1	0	1	0
      122	2018-04-23 17:10:05	1	0	1	0
      127	2018-04-23 17:10:50	1	0	1	0
      126	2018-04-23 17:10:52	1	0	1	0
      123	2018-04-23 17:10:57	1	0	1	0
      107	2018-04-23 17:12:28	1	0	1	0
      101	2018-04-23 17:31:04	1	0	1	0
      105	2018-04-23 17:36:02	1	0	1	0
      100	2018-04-23 17:38:28	1	0	1	0
      123	2018-04-24 06:41:49	1	0	1	0
      121	2018-04-24 07:15:01	1	0	1	0
      105	2018-04-24 07:17:11	1	0	1	0
      126	2018-04-24 07:17:14	1	0	1	0
      127	2018-04-24 07:21:32	1	0	1	0
      119	2018-04-24 07:25:32	1	0	1	0
      119	2018-04-24 07:25:34	1	0	1	0
      124	2018-04-24 07:34:08	1	0	1	0
      130	2018-04-24 07:34:50	1	0	1	0
      125	2018-04-24 07:36:12	1	0	1	0
      120	2018-04-24 07:37:00	1	0	1	0
      114	2018-04-24 07:37:41	1	0	1	0
      114	2018-04-24 07:37:45	1	0	1	0
      110	2018-04-24 07:37:50	1	0	1	0
      110	2018-04-24 07:37:52	1	0	1	0
      116	2018-04-24 07:38:00	1	0	1	0
      116	2018-04-24 07:38:02	1	0	1	0
      122	2018-04-24 07:41:28	1	0	1	0
      107	2018-04-24 07:43:26	1	0	1	0
      106	2018-04-24 07:47:12	1	0	1	0
      113	2018-04-24 07:48:33	1	0	1	0
      128	2018-04-24 07:53:03	1	0	1	0
      101	2018-04-24 08:17:46	1	0	1	0
      102	2018-04-24 09:03:11	1	0	1	0
      102	2018-04-24 17:06:01	1	0	1	0
      119	2018-04-24 17:06:10	1	0	1	0
      119	2018-04-24 17:06:13	1	0	1	0
      124	2018-04-24 17:08:17	1	0	1	0
      123	2018-04-24 17:08:22	1	0	1	0
      123	2018-04-24 17:08:24	1	0	1	0
      122	2018-04-24 17:08:42	1	0	1	0
      122	2018-04-24 17:08:49	1	0	1	0
      120	2018-04-24 17:08:53	1	0	1	0
      125	2018-04-24 17:09:00	1	0	1	0
      127	2018-04-24 17:12:39	1	0	1	0
      127	2018-04-24 17:12:45	1	0	1	0
      110	2018-04-24 17:12:48	1	0	1	0
      110	2018-04-24 17:12:50	1	0	1	0
      121	2018-04-24 17:13:23	1	0	1	0
      121	2018-04-24 17:13:24	1	0	1	0
      117	2018-04-24 17:18:22	1	0	1	0
      117	2018-04-24 17:18:24	1	0	1	0
      116	2018-04-24 17:18:28	1	0	1	0
      116	2018-04-24 17:18:30	1	0	1	0
      114	2018-04-24 17:18:36	1	0	1	0
      114	2018-04-24 17:18:40	1	0	1	0
      128	2018-04-24 17:18:46	1	0	1	0
      128	2018-04-24 17:18:49	1	0	1	0
      103	2018-04-24 17:18:55	1	0	1	0
      103	2018-04-24 17:18:57	1	0	1	0
      113	2018-04-24 17:19:58	1	0	1	0
      115	2018-04-24 17:20:04	1	0	1	0
      115	2018-04-24 17:20:08	1	0	1	0
      111	2018-04-24 17:20:14	1	0	1	0
      130	2018-04-24 17:20:38	1	0	1	0
      106	2018-04-24 17:22:58	1	0	1	0
      107	2018-04-24 17:23:14	1	0	1	0
      107	2018-04-24 17:44:35	1	0	1	0
      105	2018-04-24 17:44:56	1	0	1	0
      126	2018-04-24 18:39:53	1	0	1	0
      106	2018-04-25 06:39:22	1	0	1	0
      110	2018-04-25 06:41:45	1	0	1	0
      110	2018-04-25 06:41:48	1	0	1	0
      125	2018-04-25 06:50:49	1	0	1	0
      121	2018-04-25 06:51:55	1	0	1	0
      102	2018-04-25 06:52:32	1	0	1	0
      102	2018-04-25 06:52:36	1	0	1	0
      128	2018-04-25 06:58:29	1	0	1	0
      122	2018-04-25 06:59:21	1	0	1	0
      116	2018-04-25 07:01:39	1	0	1	0
      116	2018-04-25 07:01:41	1	0	1	0
      118	2018-04-25 07:02:55	1	0	1	0
      118	2018-04-25 07:02:58	1	0	1	0
      127	2018-04-25 07:15:19	1	0	1	0
      120	2018-04-25 07:17:30	1	0	1	0
      124	2018-04-25 07:18:13	1	0	1	0
      105	2018-04-25 07:23:29	1	0	1	0
      105	2018-04-25 07:23:41	1	0	1	0
      114	2018-04-25 07:29:56	1	0	1	0
      126	2018-04-25 07:31:13	1	0	1	0
      130	2018-04-25 07:33:49	1	0	1	0
      119	2018-04-25 07:35:10	1	0	1	0
      119	2018-04-25 07:35:13	1	0	1	0
      104	2018-04-25 07:55:59	1	0	1	0
      113	2018-04-25 08:15:04	1	0	1	0
      103	2018-04-25 08:23:11	1	0	1	0
      103	2018-04-25 08:23:13	1	0	1	0
      123	2018-04-25 08:29:44	1	0	1	0
      112	2018-04-25 08:29:49	1	0	1	0
      124	2018-04-25 17:05:11	1	0	1	0
      125	2018-04-25 17:05:18	1	0	1	0
      127	2018-04-25 17:05:25	1	0	1	0
      121	2018-04-25 17:07:49	1	0	1	0
      119	2018-04-25 17:19:53	1	0	1	0
      119	2018-04-25 17:19:56	1	0	1	0
      118	2018-04-25 17:19:59	1	0	1	0
      118	2018-04-25 17:20:02	1	0	1	0
      113	2018-04-25 17:20:07	1	0	1	0
      117	2018-04-25 17:20:11	1	0	1	0
      117	2018-04-25 17:20:13	1	0	1	0
      115	2018-04-25 17:20:23	1	0	1	0
      116	2018-04-25 17:20:35	1	0	1	0
      116	2018-04-25 17:20:38	1	0	1	0
      130	2018-04-25 17:20:47	1	0	1	0
      114	2018-04-25 17:20:55	1	0	1	0
      114	2018-04-25 17:21:00	1	0	1	0
      123	2018-04-25 17:21:05	1	0	1	0
      111	2018-04-25 17:21:16	1	0	1	0
      111	2018-04-25 17:21:20	1	0	1	0
      103	2018-04-25 17:21:42	1	0	1	0
      103	2018-04-25 17:21:45	1	0	1	0
      102	2018-04-25 17:21:54	1	0	1	0
      102	2018-04-25 17:21:57	1	0	1	0
      120	2018-04-25 17:22:22	1	0	1	0
      105	2018-04-25 17:23:45	1	0	1	0
      104	2018-04-25 17:27:27	1	0	1	0
      110	2018-04-25 17:31:13	1	0	1	0
      110	2018-04-25 17:31:15	1	0	1	0
      107	2018-04-25 17:32:20	1	0	1	0
      106	2018-04-25 17:32:42	1	0	1	0
      106	2018-04-25 17:32:48	1	0	1	0
      122	2018-04-25 17:38:29	1	0	1	0
      112	2018-04-25 17:40:03	1	0	1	0
      128	2018-04-25 18:10:52	1	0	1	0
      128	2018-04-25 18:10:56	1	0	1	0
      107	2018-04-25 18:15:00	1	0	1	0
      100	2018-04-25 18:15:17	1	0	1	0
      126	2018-04-25 18:31:59	1	0	1	0
      121	2018-04-26 07:13:14	1	0	1	0
      127	2018-04-26 07:13:36	1	0	1	0
      127	2018-04-26 07:13:39	1	0	1	0
      126	2018-04-26 07:19:52	1	0	1	0
      124	2018-04-26 07:21:31	1	0	1	0
      112	2018-04-26 07:29:05	1	0	1	0
      125	2018-04-26 07:31:55	1	0	1	0
      119	2018-04-26 07:32:19	1	0	1	0
      119	2018-04-26 07:32:21	1	0	1	0
      120	2018-04-26 07:37:00	1	0	1	0
      116	2018-04-26 07:37:06	1	0	1	0
      123	2018-04-26 07:38:46	1	0	1	0
      114	2018-04-26 07:40:27	1	0	1	0
      107	2018-04-26 07:40:33	1	0	1	0
      107	2018-04-26 07:40:37	1	0	1	0
      122	2018-04-26 07:49:03	1	0	1	0
      105	2018-04-26 07:58:52	1	0	1	0
      101	2018-04-26 08:07:08	1	0	1	0
      104	2018-04-26 08:08:34	1	0	1	0
      106	2018-04-26 08:16:47	1	0	1	0
      106	2018-04-26 08:16:51	1	0	1	0
      110	2018-04-26 08:19:44	1	0	1	0
      128	2018-04-26 08:40:42	1	0	1	0
      128	2018-04-26 08:40:51	1	0	1	0
      102	2018-04-26 08:44:28	1	0	1	0
      102	2018-04-26 08:44:31	1	0	1	0
      103	2018-04-26 08:49:31	1	0	1	0
      103	2018-04-26 08:49:34	1	0	1	0
      113	2018-04-26 08:50:23	1	0	1	0
      111	2018-04-26 08:55:16	1	0	1	0
      124	2018-04-26 17:03:31	1	0	1	0
      125	2018-04-26 17:03:35	1	0	1	0
      121	2018-04-26 17:06:30	1	0	1	0
      123	2018-04-26 17:10:31	1	0	1	0
      127	2018-04-26 17:12:50	1	0	1	0
      104	2018-04-26 17:30:39	1	0	1	0
      104	2018-04-26 17:30:40	1	0	1	0
      107	2018-04-26 17:33:34	1	0	1	0
      107	2018-04-26 17:33:39	1	0	1	0
      131	2018-04-26 17:41:01	1	0	1	0
      100	2018-04-26 17:41:07	1	0	1	0
      119	2018-04-26 17:41:12	1	0	1	0
      119	2018-04-26 17:41:14	1	0	1	0
      106	2018-04-26 17:41:21	1	0	1	0
      106	2018-04-26 17:41:25	1	0	1	0
      105	2018-04-26 17:41:27	1	0	1	0
      100	2018-04-26 17:41:32	1	0	1	0
      120	2018-04-26 18:03:57	1	0	1	0
      101	2018-04-26 18:07:43	1	0	1	0
      122	2018-04-26 18:14:18	1	0	1	0
      118	2018-04-26 18:24:21	1	0	1	0
      118	2018-04-26 18:24:24	1	0	1	0
      117	2018-04-26 18:24:27	1	0	1	0
      117	2018-04-26 18:24:30	1	0	1	0
      115	2018-04-26 18:24:34	1	0	1	0
      115	2018-04-26 18:24:37	1	0	1	0
      113	2018-04-26 18:24:42	1	0	1	0
      113	2018-04-26 18:24:45	1	0	1	0
      102	2018-04-26 18:33:24	1	0	1	0
      102	2018-04-26 18:33:29	1	0	1	0
      128	2018-04-26 18:58:22	1	0	1	0
      128	2018-04-26 18:58:26	1	0	1	0
      114	2018-04-26 18:59:43	1	0	1	0
      111	2018-04-26 19:03:46	1	0	1	0
      110	2018-04-26 19:42:42	1	0	1	0
      110	2018-04-26 19:42:50	1	0	1	0
      112	2018-04-26 19:42:54	1	0	1	0
      112	2018-04-26 19:42:55	1	0	1	0
      116	2018-04-26 19:43:01	1	0	1	0
      116	2018-04-26 19:43:04	1	0	1	0
      125	2018-04-27 06:54:46	1	0	1	0
      110	2018-04-27 06:58:18	1	0	1	0
      110	2018-04-27 06:58:20	1	0	1	0
      123	2018-04-27 07:01:46	1	0	1	0
      121	2018-04-27 07:06:35	1	0	1	0
      122	2018-04-27 07:10:52	1	0	1	0
      120	2018-04-27 07:14:54	1	0	1	0
      126	2018-04-27 07:18:42	1	0	1	0
      127	2018-04-27 07:30:32	1	0	1	0
      124	2018-04-27 07:33:58	1	0	1	0
      130	2018-04-27 07:35:03	1	0	1	0
      131	2018-04-27 07:39:42	1	0	1	0
      105	2018-04-27 07:41:38	1	0	1	0
      119	2018-04-27 07:44:17	1	0	1	0
      119	2018-04-27 07:44:19	1	0	1	0
      107	2018-04-27 07:45:03	1	0	1	0
      107	2018-04-27 07:45:05	1	0	1	0
      106	2018-04-27 07:46:05	1	0	1	0
      106	2018-04-27 07:46:09	1	0	1	0
      105	2018-04-27 07:46:15	1	0	1	0
      116	2018-04-27 07:47:23	1	0	1	0
      128	2018-04-27 07:53:17	1	0	1	0
      128	2018-04-27 07:53:25	1	0	1	0
      112	2018-04-27 08:00:41	1	0	1	0
      104	2018-04-27 08:14:11	1	0	1	0
      103	2018-04-27 08:28:22	1	0	1	0
      103	2018-04-27 08:28:24	1	0	1	0
      101	2018-04-27 08:47:58	1	0	1	0
      111	2018-04-27 08:56:32	1	0	1	0
      114	2018-04-27 09:07:45	1	0	1	0
      113	2018-04-27 09:37:42	1	0	1	0
      121	2018-04-27 14:06:09	1	0	1	0
      131	2018-04-27 14:06:19	1	0	1	0
      125	2018-04-27 14:06:26	1	0	1	0
      124	2018-04-27 14:10:20	1	0	1	0
      107	2018-04-27 14:20:59	1	0	1	0
      107	2018-04-27 14:21:01	1	0	1	0
      104	2018-04-27 14:21:38	1	0	1	0
      106	2018-04-27 14:36:37	1	0	1	0
      106	2018-04-27 14:36:42	1	0	1	0
      107	2018-04-27 14:36:50	1	0	1	0
      122	2018-04-27 14:38:25	1	0	1	0
      120	2018-04-27 14:39:46	1	0	1	0
      101	2018-04-27 14:40:59	1	0	1	0
      126	2018-04-27 14:52:31	1	0	1	0
      127	2018-04-27 15:07:02	1	0	1	0
      100	2018-04-27 15:08:58	1	0	1	0
      123	2018-04-27 16:28:55	1	0	1	0
      123	2018-04-27 16:28:56	1	0	1	0
      119	2018-04-27 16:46:06	1	0	1	0
      119	2018-04-27 16:46:07	1	0	1	0
      118	2018-04-27 16:46:14	1	0	1	0
      118	2018-04-27 16:46:16	1	0	1	0
      105	2018-04-27 16:46:19	1	0	1	0
      112	2018-04-27 17:45:22	1	0	1	0
      110	2018-04-27 17:45:26	1	0	1	0
      110	2018-04-27 17:45:27	1	0	1	0
      112	2018-04-27 17:45:29	1	0	1	0
      113	2018-04-27 19:12:45	1	0	1	0
      113	2018-04-27 19:12:48	1	0	1	0
      117	2018-04-27 19:12:50	1	0	1	0
      117	2018-04-27 19:12:57	1	0	1	0
      115	2018-04-27 19:13:00	1	0	1	0
      115	2018-04-27 19:13:03	1	0	1	0
      111	2018-04-27 19:13:07	1	0	1	0
      130	2018-04-27 19:13:11	1	0	1	0
      102	2018-04-27 19:23:08	1	0	1	0
      102	2018-04-27 19:23:10	1	0	1	0
      128	2018-04-27 19:28:23	1	0	1	0
      128	2018-04-27 19:28:27	1	0	1	0
      103	2018-04-27 19:28:36	1	0	1	0
      103	2018-04-27 19:28:39	1	0	1	0
      116	2018-04-27 19:28:51	1	0	1	0
      114	2018-04-27 19:28:58	1	0	1	0
      114	2018-04-27 19:29:02	1	0	1	0
      118	2018-04-30 07:11:39	1	0	1	0
      118	2018-04-30 07:11:42	1	0	1	0
      126	2018-04-30 07:15:56	1	0	1	0
      121	2018-04-30 07:17:29	1	0	1	0
      121	2018-04-30 07:17:31	1	0	1	0
      125	2018-04-30 07:19:53	1	0	1	0
      105	2018-04-30 07:20:51	1	0	1	0
      127	2018-04-30 07:24:50	1	0	1	0
      107	2018-04-30 07:25:07	1	0	1	0
      107	2018-04-30 07:25:10	1	0	1	0
      120	2018-04-30 07:27:40	1	0	1	0
      124	2018-04-30 07:28:18	1	0	1	0
      116	2018-04-30 07:32:16	1	0	1	0
      130	2018-04-30 07:35:21	1	0	1	0
      128	2018-04-30 07:37:41	1	0	1	0
      104	2018-04-30 07:38:37	1	0	1	0
      112	2018-04-30 07:39:12	1	0	1	0
      123	2018-04-30 07:39:57	1	0	1	0
      131	2018-04-30 07:40:04	1	0	1	0
      104	2018-04-30 07:41:23	1	0	1	0
      114	2018-04-30 07:42:15	1	0	1	0
      110	2018-04-30 07:43:22	1	0	1	0
      110	2018-04-30 07:43:27	1	0	1	0
      102	2018-04-30 07:44:54	1	0	1	0
      102	2018-04-30 07:44:57	1	0	1	0
      119	2018-04-30 07:48:10	1	0	1	0
      119	2018-04-30 07:48:13	1	0	1	0
      122	2018-04-30 07:50:21	1	0	1	0
      101	2018-04-30 08:01:38	1	0	1	0
      103	2018-04-30 08:07:17	1	0	1	0
      103	2018-04-30 08:07:20	1	0	1	0
      106	2018-04-30 08:08:16	1	0	1	0
      106	2018-04-30 08:08:24	1	0	1	0
      111	2018-04-30 09:12:02	1	0	1	0
      113	2018-04-30 09:58:00	1	0	1	0
      100	2018-04-30 16:24:03	1	0	1	0
      100	2018-04-30 16:53:59	1	0	1	0
      123	2018-04-30 17:09:47	1	0	1	0
      121	2018-04-30 17:10:57	1	0	1	0
      125	2018-04-30 17:11:33	1	0	1	0
      112	2018-04-30 17:11:38	1	0	1	0
      112	2018-04-30 17:11:41	1	0	1	0
      126	2018-04-30 17:11:45	1	0	1	0
      110	2018-04-30 17:11:49	1	0	1	0
      131	2018-04-30 17:16:40	1	0	1	0
      124	2018-04-30 17:16:46	1	0	1	0
      107	2018-04-30 17:18:36	1	0	1	0
      107	2018-04-30 17:18:38	1	0	1	0
      104	2018-04-30 17:19:01	1	0	1	0
      106	2018-04-30 17:19:15	1	0	1	0
      106	2018-04-30 17:19:21	1	0	1	0
      105	2018-04-30 17:20:01	1	0	1	0
      101	2018-04-30 17:21:06	1	0	1	0
      120	2018-04-30 17:21:31	1	0	1	0
      122	2018-04-30 17:26:05	1	0	1	0
      119	2018-04-30 17:27:19	1	0	1	0
      119	2018-04-30 17:27:21	1	0	1	0
      127	2018-04-30 17:49:39	1	0	1	0
      128	2018-04-30 18:52:39	1	0	1	0
      128	2018-04-30 18:52:41	1	0	1	0
      114	2018-04-30 18:52:51	1	0	1	0
      114	2018-04-30 18:52:55	1	0	1	0
      120	2018-04-30 18:53:01	1	0	1	0
      103	2018-04-30 18:53:10	1	0	1	0
      103	2018-04-30 18:53:13	1	0	1	0
      118	2018-04-30 18:59:39	1	0	1	0
      118	2018-04-30 18:59:41	1	0	1	0
      117	2018-04-30 18:59:45	1	0	1	0
      117	2018-04-30 18:59:47	1	0	1	0
      117	2018-04-30 18:59:49	1	0	1	0
      116	2018-04-30 18:59:54	1	0	1	0
      116	2018-04-30 18:59:56	1	0	1	0
      113	2018-04-30 19:00:01	1	0	1	0
      113	2018-04-30 19:00:03	1	0	1	0
      111	2018-04-30 19:00:08	1	0	1	0
      130	2018-04-30 19:00:13	1	0	1	0
      102	2018-04-30 19:00:29	1	0	1	0
      102	2018-04-30 19:00:31	1	0	1	0
      127	2018-05-02 06:57:49	1	0	1	0
      121	2018-05-02 07:07:05	1	0	1	0
      112	2018-05-02 07:17:36	1	0	1	0
      112	2018-05-02 07:17:38	1	0	1	0
      116	2018-05-02 07:20:54	1	0	1	0
      126	2018-05-02 07:25:18	1	0	1	0
      124	2018-05-02 07:25:21	1	0	1	0
      106	2018-05-02 07:25:36	1	0	1	0
      106	2018-05-02 07:25:41	1	0	1	0
      105	2018-05-02 07:26:40	1	0	1	0
      125	2018-05-02 07:32:06	1	0	1	0
      107	2018-05-02 07:32:54	1	0	1	0
      107	2018-05-02 07:32:57	1	0	1	0
      123	2018-05-02 07:35:13	1	0	1	0
      131	2018-05-02 07:36:11	1	0	1	0
      110	2018-05-02 07:40:47	1	0	1	0
      110	2018-05-02 07:40:52	1	0	1	0
      114	2018-05-02 07:40:57	1	0	1	0
      114	2018-05-02 07:41:01	1	0	1	0
      120	2018-05-02 07:44:54	1	0	1	0
      128	2018-05-02 07:44:59	1	0	1	0
      104	2018-05-02 07:49:00	1	0	1	0
      118	2018-05-02 07:49:50	1	0	1	0
      118	2018-05-02 07:49:52	1	0	1	0
      122	2018-05-02 08:00:26	1	0	1	0
      119	2018-05-02 08:02:06	1	0	1	0
      119	2018-05-02 08:02:09	1	0	1	0
      101	2018-05-02 08:40:39	1	0	1	0
      102	2018-05-02 09:00:07	1	0	1	0
      102	2018-05-02 09:00:10	1	0	1	0
      103	2018-05-02 09:04:16	1	0	1	0
      103	2018-05-02 09:04:23	1	0	1	0
      113	2018-05-02 11:02:50	1	0	1	0
      115	2018-05-02 11:04:13	1	0	1	0
      124	2018-05-02 17:04:44	1	0	1	0
      131	2018-05-02 17:04:48	1	0	1	0
      125	2018-05-02 17:05:06	1	0	1	0
      123	2018-05-02 17:07:50	1	0	1	0
      121	2018-05-02 17:08:52	1	0	1	0
      104	2018-05-02 17:08:58	1	0	1	0
      106	2018-05-02 17:12:21	1	0	1	0
      105	2018-05-02 17:12:46	1	0	1	0
      104	2018-05-02 17:20:11	1	0	1	0
      106	2018-05-02 17:28:13	1	0	1	0
      101	2018-05-02 17:29:57	1	0	1	0
      122	2018-05-02 17:33:17	1	0	1	0
      122	2018-05-02 17:33:23	1	0	1	0
      107	2018-05-02 17:33:46	1	0	1	0
      107	2018-05-02 17:33:49	1	0	1	0
      118	2018-05-02 17:43:55	1	0	1	0
      118	2018-05-02 17:43:57	1	0	1	0
      119	2018-05-02 17:44:00	1	0	1	0
      119	2018-05-02 17:44:02	1	0	1	0
      117	2018-05-02 17:44:06	1	0	1	0
      117	2018-05-02 17:44:08	1	0	1	0
      127	2018-05-02 17:44:52	1	0	1	0
      110	2018-05-02 17:45:19	1	0	1	0
      110	2018-05-02 17:45:21	1	0	1	0
      128	2018-05-02 17:56:00	1	0	1	0
      120	2018-05-02 17:56:10	1	0	1	0
      120	2018-05-02 17:56:11	1	0	1	0
      114	2018-05-02 17:56:16	1	0	1	0
      114	2018-05-02 17:56:19	1	0	1	0
      128	2018-05-02 17:56:25	1	0	1	0
      126	2018-05-02 18:05:39	1	0	1	0
      102	2018-05-02 18:05:54	1	0	1	0
      102	2018-05-02 18:05:55	1	0	1	0
      105	2018-05-02 19:11:24	1	0	1	0
      115	2018-05-02 19:23:38	1	0	1	0
      113	2018-05-02 19:23:44	1	0	1	0
      117	2018-05-02 19:23:48	1	0	1	0
      117	2018-05-02 19:23:50	1	0	1	0
      113	2018-05-02 19:23:54	1	0	1	0
      116	2018-05-02 19:24:02	1	0	1	0
      116	2018-05-02 19:24:05	1	0	1	0
      111	2018-05-02 19:24:14	1	0	1	0
      111	2018-05-02 19:24:17	1	0	1	0
      126	2018-05-03 06:35:19	1	0	1	0
      112	2018-05-03 06:57:29	1	0	1	0
      112	2018-05-03 06:57:35	1	0	1	0
      116	2018-05-03 07:13:57	1	0	1	0
      105	2018-05-03 07:21:36	1	0	1	0
      121	2018-05-03 07:23:21	1	0	1	0
      125	2018-05-03 07:23:28	1	0	1	0
      127	2018-05-03 07:24:43	1	0	1	0
      110	2018-05-03 07:25:58	1	0	1	0
      110	2018-05-03 07:26:00	1	0	1	0
      123	2018-05-03 07:29:27	1	0	1	0
      124	2018-05-03 07:30:04	1	0	1	0
      131	2018-05-03 07:36:54	1	0	1	0
      107	2018-05-03 07:37:10	1	0	1	0
      107	2018-05-03 07:37:13	1	0	1	0
      120	2018-05-03 07:42:05	1	0	1	0
      128	2018-05-03 07:42:11	1	0	1	0
      104	2018-05-03 07:46:37	1	0	1	0
      122	2018-05-03 07:51:04	1	0	1	0
      119	2018-05-03 08:04:58	1	0	1	0
      119	2018-05-03 08:05:01	1	0	1	0
      118	2018-05-03 08:07:30	1	0	1	0
      118	2018-05-03 08:07:32	1	0	1	0
      106	2018-05-03 08:13:04	1	0	1	0
      106	2018-05-03 08:13:13	1	0	1	0
      114	2018-05-03 08:16:24	1	0	1	0
      102	2018-05-03 08:26:01	1	0	1	0
      102	2018-05-03 08:26:03	1	0	1	0
      103	2018-05-03 08:55:01	1	0	1	0
      103	2018-05-03 08:55:05	1	0	1	0
      101	2018-05-03 09:11:06	1	0	1	0
      100	2018-05-03 09:12:49	1	0	1	0
      113	2018-05-03 09:22:02	1	0	1	0
      115	2018-05-03 09:57:29	1	0	1	0
      121	2018-05-03 17:02:49	1	0	1	0
      121	2018-05-03 17:02:51	1	0	1	0
      124	2018-05-03 17:04:14	1	0	1	0
      123	2018-05-03 17:04:52	1	0	1	0
      125	2018-05-03 17:05:24	1	0	1	0
      104	2018-05-03 17:11:41	1	0	1	0
      131	2018-05-03 17:21:23	1	0	1	0
      120	2018-05-03 17:48:07	1	0	1	0
      122	2018-05-03 17:48:48	1	0	1	0
      127	2018-05-03 17:54:27	1	0	1	0
      112	2018-05-03 17:56:32	1	0	1	0
      112	2018-05-03 17:56:34	1	0	1	0
      110	2018-05-03 17:56:43	1	0	1	0
      110	2018-05-03 17:56:45	1	0	1	0
      106	2018-05-03 17:58:20	1	0	1	0
      106	2018-05-03 17:58:30	1	0	1	0
      101	2018-05-03 18:03:22	1	0	1	0
      118	2018-05-03 19:12:54	1	0	1	0
      118	2018-05-03 19:12:55	1	0	1	0
      119	2018-05-03 19:13:01	1	0	1	0
      119	2018-05-03 19:13:03	1	0	1	0
      117	2018-05-03 19:13:06	1	0	1	0
      117	2018-05-03 19:13:08	1	0	1	0
      117	2018-05-03 19:13:10	1	0	1	0
      113	2018-05-03 19:13:14	1	0	1	0
      113	2018-05-03 19:13:17	1	0	1	0
      115	2018-05-03 19:13:19	1	0	1	0
      115	2018-05-03 19:13:21	1	0	1	0
      115	2018-05-03 19:13:23	1	0	1	0
      115	2018-05-03 19:13:25	1	0	1	0
      102	2018-05-03 19:14:04	1	0	1	0
      102	2018-05-03 19:14:06	1	0	1	0
      102	2018-05-03 19:14:08	1	0	1	0
      105	2018-05-03 19:14:37	1	0	1	0
      107	2018-05-03 19:14:44	1	0	1	0
      107	2018-05-03 19:14:47	1	0	1	0
      111	2018-05-03 19:20:37	1	0	1	0
      111	2018-05-03 19:20:40	1	0	1	0
      128	2018-05-03 19:21:21	1	0	1	0
      103	2018-05-03 19:21:30	1	0	1	0
      103	2018-05-03 19:21:33	1	0	1	0
      114	2018-05-03 19:21:38	1	0	1	0
      128	2018-05-03 19:21:52	1	0	1	0
      114	2018-05-03 19:21:58	1	0	1	0
      116	2018-05-03 19:25:29	1	0	1	0
      116	2018-05-03 19:25:32	1	0	1	0
      125	2018-05-04 06:34:15	1	0	1	0
      130	2018-05-04 06:55:52	1	0	1	0
      120	2018-05-04 06:56:00	1	0	1	0
      110	2018-05-04 06:58:41	1	0	1	0
      110	2018-05-04 06:58:43	1	0	1	0
      112	2018-05-04 06:59:31	1	0	1	0
      112	2018-05-04 06:59:35	1	0	1	0
      107	2018-05-04 07:01:56	1	0	1	0
      107	2018-05-04 07:01:58	1	0	1	0
      116	2018-05-04 07:02:03	1	0	1	0
      116	2018-05-04 07:02:05	1	0	1	0
      121	2018-05-04 07:02:12	1	0	1	0
      105	2018-05-04 07:09:13	1	0	1	0
      122	2018-05-04 07:14:01	1	0	1	0
      127	2018-05-04 07:14:25	1	0	1	0
      127	2018-05-04 07:14:32	1	0	1	0
      124	2018-05-04 07:14:44	1	0	1	0
      106	2018-05-04 07:23:00	1	0	1	0
      106	2018-05-04 07:23:07	1	0	1	0
      104	2018-05-04 07:38:05	1	0	1	0
      123	2018-05-04 07:45:54	1	0	1	0
      119	2018-05-04 07:50:47	1	0	1	0
      119	2018-05-04 07:50:48	1	0	1	0
      128	2018-05-04 07:50:57	1	0	1	0
      128	2018-05-04 07:51:01	1	0	1	0
      103	2018-05-04 08:53:10	1	0	1	0
      103	2018-05-04 08:53:13	1	0	1	0
      102	2018-05-04 08:57:04	1	0	1	0
      102	2018-05-04 08:57:07	1	0	1	0
      111	2018-05-04 08:57:15	1	0	1	0
      114	2018-05-04 09:19:18	1	0	1	0
      114	2018-05-04 09:19:22	1	0	1	0
      100	2018-05-04 09:36:39	1	0	1	0
      113	2018-05-04 09:44:28	1	0	1	0
      115	2018-05-04 10:24:34	1	0	1	0
      115	2018-05-04 10:24:36	1	0	1	0
      124	2018-05-04 14:03:43	1	0	1	0
      121	2018-05-04 14:04:50	1	0	1	0
      121	2018-05-04 14:04:51	1	0	1	0
      127	2018-05-04 15:02:19	1	0	1	0
      110	2018-05-04 15:02:25	1	0	1	0
      110	2018-05-04 15:02:27	1	0	1	0
      119	2018-05-04 15:04:05	1	0	1	0
      119	2018-05-04 15:04:07	1	0	1	0
      125	2018-05-04 15:09:34	1	0	1	0
      123	2018-05-04 15:30:30	1	0	1	0
      101	2018-05-04 15:37:03	1	0	1	0
      104	2018-05-04 15:40:30	1	0	1	0
      130	2018-05-04 15:51:27	1	0	1	0
      112	2018-05-04 15:53:52	1	0	1	0
      112	2018-05-04 15:53:54	1	0	1	0
      107	2018-05-04 16:46:49	1	0	1	0
      106	2018-05-04 16:46:52	1	0	1	0
      107	2018-05-04 16:46:56	1	0	1	0
      106	2018-05-04 16:46:58	1	0	1	0
      102	2018-05-04 16:58:19	1	0	1	0
      102	2018-05-04 16:58:21	1	0	1	0
      117	2018-05-04 17:54:56	1	0	1	0
      117	2018-05-04 17:54:59	1	0	1	0
      117	2018-05-04 17:55:01	1	0	1	0
      113	2018-05-04 17:55:06	1	0	1	0
      128	2018-05-04 17:56:38	1	0	1	0
      128	2018-05-04 17:56:42	1	0	1	0
      120	2018-05-04 17:56:48	1	0	1	0
      118	2018-05-04 17:56:54	1	0	1	0
      118	2018-05-04 17:56:56	1	0	1	0
      103	2018-05-04 17:57:02	1	0	1	0
      103	2018-05-04 17:57:05	1	0	1	0
      116	2018-05-04 17:57:13	1	0	1	0
      116	2018-05-04 17:57:15	1	0	1	0
      111	2018-05-04 17:57:27	1	0	1	0
      114	2018-05-04 17:57:42	1	0	1	0
      114	2018-05-04 17:57:47	1	0	1	0
      114	2018-05-04 17:57:53	1	0	1	0
      122	2018-05-04 18:31:08	1	0	1	0
      100	2018-05-04 18:56:20	1	0	1	0
      105	2018-05-04 19:17:19	1	0	1	0
      125	2018-05-07 06:50:48	1	0	1	0
      123	2018-05-07 06:54:57	1	0	1	0
      126	2018-05-07 07:00:02	1	0	1	0
      127	2018-05-07 07:16:08	1	0	1	0
      121	2018-05-07 07:17:10	1	0	1	0
      107	2018-05-07 07:17:58	1	0	1	0
      107	2018-05-07 07:18:01	1	0	1	0
      124	2018-05-07 07:22:12	1	0	1	0
      105	2018-05-07 07:24:52	1	0	1	0
      110	2018-05-07 07:31:02	1	0	1	0
      110	2018-05-07 07:31:05	1	0	1	0
      116	2018-05-07 07:32:05	1	0	1	0
      106	2018-05-07 07:33:07	1	0	1	0
      106	2018-05-07 07:33:09	1	0	1	0
      106	2018-05-07 07:33:15	1	0	1	0
      105	2018-05-07 07:33:17	1	0	1	0
      104	2018-05-07 07:34:35	1	0	1	0
      120	2018-05-07 07:38:41	1	0	1	0
      128	2018-05-07 07:38:57	1	0	1	0
      118	2018-05-07 07:39:49	1	0	1	0
      118	2018-05-07 07:39:51	1	0	1	0
      131	2018-05-07 07:41:08	1	0	1	0
      119	2018-05-07 07:45:59	1	0	1	0
      119	2018-05-07 07:46:00	1	0	1	0
      101	2018-05-07 07:47:35	1	0	1	0
      114	2018-05-07 08:06:59	1	0	1	0
      114	2018-05-07 08:07:04	1	0	1	0
      122	2018-05-07 08:10:23	1	0	1	0
      103	2018-05-07 08:30:23	1	0	1	0
      103	2018-05-07 08:30:26	1	0	1	0
      111	2018-05-07 08:45:24	1	0	1	0
      102	2018-05-07 08:50:44	1	0	1	0
      102	2018-05-07 08:50:45	1	0	1	0
      113	2018-05-07 10:59:54	1	0	1	0
      115	2018-05-07 10:59:58	1	0	1	0
      123	2018-05-07 17:02:12	1	0	1	0
      131	2018-05-07 17:02:21	1	0	1	0
      124	2018-05-07 17:02:26	1	0	1	0
      125	2018-05-07 17:02:43	1	0	1	0
      112	2018-05-07 17:04:43	1	0	1	0
      112	2018-05-07 17:04:46	1	0	1	0
      121	2018-05-07 17:06:02	1	0	1	0
      126	2018-05-07 17:08:37	1	0	1	0
      127	2018-05-07 17:11:30	1	0	1	0
      106	2018-05-07 17:12:53	1	0	1	0
      106	2018-05-07 17:12:59	1	0	1	0
      119	2018-05-07 17:26:30	1	0	1	0
      119	2018-05-07 17:26:31	1	0	1	0
      118	2018-05-07 17:26:37	1	0	1	0
      118	2018-05-07 17:26:40	1	0	1	0
      102	2018-05-07 17:26:49	1	0	1	0
      102	2018-05-07 17:26:51	1	0	1	0
      105	2018-05-07 17:27:19	1	0	1	0
      107	2018-05-07 17:28:27	1	0	1	0
      107	2018-05-07 17:28:30	1	0	1	0
      110	2018-05-07 17:38:32	1	0	1	0
      110	2018-05-07 17:38:38	1	0	1	0
      104	2018-05-07 17:50:28	1	0	1	0
      122	2018-05-07 17:51:57	1	0	1	0
      122	2018-05-07 17:52:00	1	0	1	0
      101	2018-05-07 18:15:52	1	0	1	0
      103	2018-05-07 18:15:55	1	0	1	0
      103	2018-05-07 18:15:57	1	0	1	0
      114	2018-05-07 18:16:08	1	0	1	0
      114	2018-05-07 18:16:16	1	0	1	0
      114	2018-05-07 18:16:19	1	0	1	0
      117	2018-05-07 18:17:35	1	0	1	0
      117	2018-05-07 18:17:37	1	0	1	0
      117	2018-05-07 18:17:39	1	0	1	0
      116	2018-05-07 18:18:05	1	0	1	0
      116	2018-05-07 18:18:08	1	0	1	0
      128	2018-05-07 18:18:13	1	0	1	0
      128	2018-05-07 18:18:16	1	0	1	0
      120	2018-05-07 18:18:21	1	0	1	0
      120	2018-05-07 18:18:23	1	0	1	0
      115	2018-05-07 18:18:30	1	0	1	0
      115	2018-05-07 18:18:32	1	0	1	0
      115	2018-05-07 18:18:34	1	0	1	0
      115	2018-05-07 18:18:36	1	0	1	0
      113	2018-05-07 18:18:40	1	0	1	0
      113	2018-05-07 18:18:43	1	0	1	0
      111	2018-05-07 18:18:49	1	0	1	0
      111	2018-05-07 18:18:56	1	0	1	0
      127	2018-05-08 07:21:50	1	0	1	0
      127	2018-05-08 07:21:52	1	0	1	0
      105	2018-05-08 07:22:37	1	0	1	0
      125	2018-05-08 07:23:37	1	0	1	0
      124	2018-05-08 07:24:21	1	0	1	0
      123	2018-05-08 07:25:10	1	0	1	0
      122	2018-05-08 07:25:52	1	0	1	0
      121	2018-05-08 07:26:57	1	0	1	0
      120	2018-05-08 07:27:15	1	0	1	0
      128	2018-05-08 07:27:28	1	0	1	0
      128	2018-05-08 07:27:33	1	0	1	0
      131	2018-05-08 07:33:12	1	0	1	0
      112	2018-05-08 07:33:39	1	0	1	0
      112	2018-05-08 07:33:42	1	0	1	0
      112	2018-05-08 07:33:43	1	0	1	0
      130	2018-05-08 07:34:13	1	0	1	0
      126	2018-05-08 07:41:20	1	0	1	0
      114	2018-05-08 07:41:50	1	0	1	0
      114	2018-05-08 07:41:58	1	0	1	0
      116	2018-05-08 07:46:16	1	0	1	0
      119	2018-05-08 07:48:18	1	0	1	0
      119	2018-05-08 07:48:20	1	0	1	0
      104	2018-05-08 07:53:03	1	0	1	0
      107	2018-05-08 07:58:56	1	0	1	0
      107	2018-05-08 07:58:59	1	0	1	0
      103	2018-05-08 08:11:11	1	0	1	0
      103	2018-05-08 08:11:14	1	0	1	0
      110	2018-05-08 08:11:58	1	0	1	0
      110	2018-05-08 08:12:01	1	0	1	0
      106	2018-05-08 08:35:38	1	0	1	0
      102	2018-05-08 08:38:17	1	0	1	0
      102	2018-05-08 08:38:18	1	0	1	0
      118	2018-05-08 09:11:31	1	0	1	0
      118	2018-05-08 09:11:32	1	0	1	0
      100	2018-05-08 09:14:16	1	0	1	0
      132	2018-05-08 15:00:48	1	0	1	0
      132	2018-05-08 15:00:52	1	0	1	0
      123	2018-05-08 17:01:52	1	0	1	0
      132	2018-05-08 17:01:55	1	0	1	0
      132	2018-05-08 17:01:57	1	0	1	0
      126	2018-05-08 17:02:04	1	0	1	0
      131	2018-05-08 17:02:48	1	0	1	0
      124	2018-05-08 17:02:55	1	0	1	0
      125	2018-05-08 17:04:17	1	0	1	0
      112	2018-05-08 17:04:42	1	0	1	0
      112	2018-05-08 17:04:48	1	0	1	0
      122	2018-05-08 17:05:09	1	0	1	0
      122	2018-05-08 17:05:15	1	0	1	0
      121	2018-05-08 17:08:48	1	0	1	0
      113	2018-05-08 17:09:28	1	0	1	0
      113	2018-05-08 17:09:31	1	0	1	0
      117	2018-05-08 17:09:35	1	0	1	0
      117	2018-05-08 17:09:38	1	0	1	0
      127	2018-05-08 17:15:50	1	0	1	0
      127	2018-05-08 17:15:54	1	0	1	0
      110	2018-05-08 17:16:01	1	0	1	0
      110	2018-05-08 17:16:03	1	0	1	0
      104	2018-05-08 17:25:40	1	0	1	0
      114	2018-05-08 17:29:55	1	0	1	0
      114	2018-05-08 17:30:03	1	0	1	0
      114	2018-05-08 17:30:06	1	0	1	0
      114	2018-05-08 17:30:08	1	0	1	0
      128	2018-05-08 17:30:13	1	0	1	0
      128	2018-05-08 17:30:17	1	0	1	0
      128	2018-05-08 17:30:22	1	0	1	0
      120	2018-05-08 17:30:33	1	0	1	0
      120	2018-05-08 17:30:35	1	0	1	0
      103	2018-05-08 17:37:08	1	0	1	0
      103	2018-05-08 17:37:11	1	0	1	0
      103	2018-05-08 17:37:13	1	0	1	0
      107	2018-05-08 18:10:29	1	0	1	0
      107	2018-05-08 18:10:32	1	0	1	0
      105	2018-05-08 18:10:34	1	0	1	0
      106	2018-05-08 18:18:52	1	0	1	0
      106	2018-05-08 18:18:56	1	0	1	0
      102	2018-05-08 18:30:41	1	0	1	0
      102	2018-05-08 18:30:43	1	0	1	0
      116	2018-05-08 18:30:50	1	0	1	0
      116	2018-05-08 18:30:52	1	0	1	0
      111	2018-05-08 18:31:18	1	0	1	0
      111	2018-05-08 18:31:21	1	0	1	0
      118	2018-05-08 18:31:45	1	0	1	0
      118	2018-05-08 18:31:47	1	0	1	0
      119	2018-05-08 18:31:52	1	0	1	0
      119	2018-05-08 18:31:55	1	0	1	0
      101	2018-05-08 18:43:50	1	0	1	0
      130	2018-05-08 18:49:45	1	0	1	0
      130	2018-05-08 18:50:03	1	0	1	0
      132	2018-05-09 06:43:30	1	0	1	0
      132	2018-05-09 06:43:33	1	0	1	0
      124	2018-05-09 07:15:39	1	0	1	0
      125	2018-05-09 07:20:57	1	0	1	0
      120	2018-05-09 07:23:13	1	0	1	0
      120	2018-05-09 07:23:17	1	0	1	0
      127	2018-05-09 07:23:39	1	0	1	0
      126	2018-05-09 07:24:03	1	0	1	0
      121	2018-05-09 07:24:17	1	0	1	0
      116	2018-05-09 07:28:19	1	0	1	0
      123	2018-05-09 07:36:35	1	0	1	0
      105	2018-05-09 07:37:43	1	0	1	0
      112	2018-05-09 07:38:13	1	0	1	0
      112	2018-05-09 07:38:16	1	0	1	0
      114	2018-05-09 07:45:03	1	0	1	0
      114	2018-05-09 07:45:06	1	0	1	0
      107	2018-05-09 07:46:44	1	0	1	0
      107	2018-05-09 07:46:46	1	0	1	0
      122	2018-05-09 07:59:16	1	0	1	0
      130	2018-05-09 08:02:38	1	0	1	0
      103	2018-05-09 08:03:48	1	0	1	0
      103	2018-05-09 08:03:50	1	0	1	0
      128	2018-05-09 08:03:58	1	0	1	0
      128	2018-05-09 08:04:03	1	0	1	0
      104	2018-05-09 08:11:35	1	0	1	0
      106	2018-05-09 08:16:57	1	0	1	0
      106	2018-05-09 08:17:01	1	0	1	0
      110	2018-05-09 08:19:12	1	0	1	0
      110	2018-05-09 08:19:13	1	0	1	0
      131	2018-05-09 08:59:31	1	0	1	0
      102	2018-05-09 09:18:12	1	0	1	0
      102	2018-05-09 09:18:14	1	0	1	0
      119	2018-05-09 09:26:28	1	0	1	0
      119	2018-05-09 09:26:30	1	0	1	0
      132	2018-05-09 17:01:37	1	0	1	0
      132	2018-05-09 17:01:39	1	0	1	0
      132	2018-05-09 17:01:45	1	0	1	0
      125	2018-05-09 17:03:38	1	0	1	0
      110	2018-05-09 17:03:57	1	0	1	0
      110	2018-05-09 17:03:59	1	0	1	0
      127	2018-05-09 17:04:06	1	0	1	0
      127	2018-05-09 17:04:08	1	0	1	0
      124	2018-05-09 17:04:11	1	0	1	0
      112	2018-05-09 17:04:21	1	0	1	0
      112	2018-05-09 17:04:23	1	0	1	0
      126	2018-05-09 17:04:44	1	0	1	0
      131	2018-05-09 17:05:12	1	0	1	0
      121	2018-05-09 17:08:14	1	0	1	0
      122	2018-05-09 17:13:52	1	0	1	0
      122	2018-05-09 17:13:55	1	0	1	0
      123	2018-05-09 17:14:00	1	0	1	0
      102	2018-05-09 17:20:57	1	0	1	0
      102	2018-05-09 17:21:00	1	0	1	0
      101	2018-05-09 17:23:09	1	0	1	0
      100	2018-05-09 17:25:37	1	0	1	0
      100	2018-05-09 17:25:43	1	0	1	0
      106	2018-05-09 17:29:25	1	0	1	0
      106	2018-05-09 17:29:29	1	0	1	0
      106	2018-05-09 17:29:33	1	0	1	0
      107	2018-05-09 17:33:40	1	0	1	0
      107	2018-05-09 17:33:45	1	0	1	0
      117	2018-05-09 17:55:36	1	0	1	0
      117	2018-05-09 17:55:39	1	0	1	0
      117	2018-05-09 17:55:41	1	0	1	0
      113	2018-05-09 17:59:06	1	0	1	0
      113	2018-05-09 17:59:11	1	0	1	0
      105	2018-05-09 17:59:43	1	0	1	0
      119	2018-05-09 18:00:07	1	0	1	0
      119	2018-05-09 18:00:08	1	0	1	0
      107	2018-05-09 18:00:53	1	0	1	0
      107	2018-05-09 18:00:55	1	0	1	0
      103	2018-05-09 18:07:46	1	0	1	0
      103	2018-05-09 18:07:49	1	0	1	0
      103	2018-05-09 18:07:51	1	0	1	0
      114	2018-05-09 18:08:06	1	0	1	0
      114	2018-05-09 18:08:21	1	0	1	0
      114	2018-05-09 18:08:38	1	0	1	0
      115	2018-05-09 18:08:47	1	0	1	0
      115	2018-05-09 18:08:54	1	0	1	0
      115	2018-05-09 18:09:22	1	0	1	0
      128	2018-05-09 18:23:46	1	0	1	0
      128	2018-05-09 18:23:49	1	0	1	0
      120	2018-05-09 18:23:55	1	0	1	0
      120	2018-05-09 18:23:56	1	0	1	0
      130	2018-05-09 19:04:31	1	0	1	0
      130	2018-05-09 19:04:34	1	0	1	0
      118	2018-05-09 20:06:12	1	0	1	0
      118	2018-05-09 20:06:14	1	0	1	0
      116	2018-05-09 20:06:20	1	0	1	0
      116	2018-05-09 20:06:23	1	0	1	0
      111	2018-05-09 20:06:29	1	0	1	0
      111	2018-05-09 20:06:31	1	0	1	0
      117	2018-05-11 06:34:52	1	0	1	0
      117	2018-05-11 06:34:54	1	0	1	0
      132	2018-05-11 06:42:25	1	0	1	0
      132	2018-05-11 06:42:27	1	0	1	0
      123	2018-05-11 06:48:52	1	0	1	0
      107	2018-05-11 06:49:38	1	0	1	0
      107	2018-05-11 06:49:41	1	0	1	0
      127	2018-05-11 06:49:47	1	0	1	0
      114	2018-05-11 06:56:52	1	0	1	0
      114	2018-05-11 06:56:57	1	0	1	0
      114	2018-05-11 06:57:00	1	0	1	0
      120	2018-05-11 07:05:58	1	0	1	0
      121	2018-05-11 07:06:51	1	0	1	0
      125	2018-05-11 07:09:06	1	0	1	0
      112	2018-05-11 07:17:21	1	0	1	0
      112	2018-05-11 07:17:24	1	0	1	0
      131	2018-05-11 07:18:43	1	0	1	0
      116	2018-05-11 07:21:06	1	0	1	0
      124	2018-05-11 07:23:49	1	0	1	0
      122	2018-05-11 07:38:54	1	0	1	0
      130	2018-05-11 07:39:12	1	0	1	0
      130	2018-05-11 07:39:14	1	0	1	0
      126	2018-05-11 07:52:41	1	0	1	0
      128	2018-05-11 07:54:10	1	0	1	0
      128	2018-05-11 07:54:14	1	0	1	0
      105	2018-05-11 07:54:24	1	0	1	0
      106	2018-05-11 07:54:28	1	0	1	0
      106	2018-05-11 07:54:31	1	0	1	0
      119	2018-05-11 08:15:59	1	0	1	0
      119	2018-05-11 08:16:01	1	0	1	0
      103	2018-05-11 08:16:14	1	0	1	0
      103	2018-05-11 08:16:17	1	0	1	0
      110	2018-05-11 08:22:18	1	0	1	0
      110	2018-05-11 08:22:20	1	0	1	0
      102	2018-05-11 09:29:13	1	0	1	0
      102	2018-05-11 09:29:14	1	0	1	0
      132	2018-05-11 14:01:26	1	0	1	0
      132	2018-05-11 14:01:29	1	0	1	0
      123	2018-05-11 14:01:34	1	0	1	0
      125	2018-05-11 14:05:02	1	0	1	0
      121	2018-05-11 14:11:43	1	0	1	0
      112	2018-05-11 14:22:15	1	0	1	0
      112	2018-05-11 14:22:17	1	0	1	0
      131	2018-05-11 14:31:41	1	0	1	0
      124	2018-05-11 14:31:44	1	0	1	0
      126	2018-05-11 15:08:36	1	0	1	0
      127	2018-05-11 15:08:43	1	0	1	0
      127	2018-05-11 15:08:47	1	0	1	0
      130	2018-05-11 15:08:53	1	0	1	0
      130	2018-05-11 15:08:55	1	0	1	0
      110	2018-05-11 15:11:59	1	0	1	0
      110	2018-05-11 15:12:01	1	0	1	0
      115	2018-05-11 15:17:10	1	0	1	0
      115	2018-05-11 15:17:14	1	0	1	0
      122	2018-05-11 15:40:35	1	0	1	0
      122	2018-05-11 15:40:40	1	0	1	0
      102	2018-05-11 16:24:33	1	0	1	0
      102	2018-05-11 16:24:34	1	0	1	0
      128	2018-05-11 16:56:17	1	0	1	0
      128	2018-05-11 16:56:19	1	0	1	0
      114	2018-05-11 17:10:09	1	0	1	0
      114	2018-05-11 17:10:15	1	0	1	0
      114	2018-05-11 17:10:20	1	0	1	0
      114	2018-05-11 17:10:22	1	0	1	0
      103	2018-05-11 17:10:30	1	0	1	0
      103	2018-05-11 17:10:33	1	0	1	0
      103	2018-05-11 17:10:43	1	0	1	0
      120	2018-05-11 17:10:51	1	0	1	0
      120	2018-05-11 17:11:01	1	0	1	0
      117	2018-05-11 17:12:06	1	0	1	0
      117	2018-05-11 17:12:08	1	0	1	0
      117	2018-05-11 17:12:11	1	0	1	0
      113	2018-05-11 17:12:14	1	0	1	0
      113	2018-05-11 17:12:17	1	0	1	0
      119	2018-05-11 17:27:17	1	0	1	0
      119	2018-05-11 17:27:18	1	0	1	0
      111	2018-05-11 17:27:25	1	0	1	0
      111	2018-05-11 17:27:28	1	0	1	0
      118	2018-05-11 17:34:25	1	0	1	0
      118	2018-05-11 17:34:26	1	0	1	0
      116	2018-05-11 17:34:33	1	0	1	0
      116	2018-05-11 17:34:35	1	0	1	0
      117	2018-05-14 06:34:11	1	0	1	0
      117	2018-05-14 06:34:13	1	0	1	0
      132	2018-05-14 06:34:21	1	0	1	0
      132	2018-05-14 06:34:24	1	0	1	0
      127	2018-05-14 07:11:33	1	0	1	0
      118	2018-05-14 07:12:01	1	0	1	0
      118	2018-05-14 07:12:06	1	0	1	0
      102	2018-05-14 07:14:16	1	0	1	0
      102	2018-05-14 07:14:19	1	0	1	0
      123	2018-05-14 07:20:41	1	0	1	0
      123	2018-05-14 07:20:43	1	0	1	0
      112	2018-05-14 07:21:41	1	0	1	0
      112	2018-05-14 07:21:44	1	0	1	0
      124	2018-05-14 07:22:24	1	0	1	0
      121	2018-05-14 07:23:42	1	0	1	0
      116	2018-05-14 07:24:32	1	0	1	0
      120	2018-05-14 07:27:06	1	0	1	0
      120	2018-05-14 07:27:12	1	0	1	0
      125	2018-05-14 07:30:33	1	0	1	0
      105	2018-05-14 07:32:56	1	0	1	0
      126	2018-05-14 07:36:31	1	0	1	0
      131	2018-05-14 07:42:38	1	0	1	0
      114	2018-05-14 07:44:57	1	0	1	0
      114	2018-05-14 07:45:10	1	0	1	0
      110	2018-05-14 07:54:05	1	0	1	0
      110	2018-05-14 07:54:07	1	0	1	0
      122	2018-05-14 07:55:21	1	0	1	0
      106	2018-05-14 08:10:38	1	0	1	0
      106	2018-05-14 08:10:41	1	0	1	0
      106	2018-05-14 08:10:42	1	0	1	0
      103	2018-05-14 08:20:00	1	0	1	0
      103	2018-05-14 08:20:02	1	0	1	0
      119	2018-05-14 08:26:49	1	0	1	0
      119	2018-05-14 08:26:51	1	0	1	0
      107	2018-05-14 08:37:34	1	0	1	0
      107	2018-05-14 08:37:36	1	0	1	0
      128	2018-05-14 14:47:52	1	0	1	0
      128	2018-05-14 14:47:59	1	0	1	0
      132	2018-05-14 17:02:27	1	0	1	0
      132	2018-05-14 17:02:29	1	0	1	0
      102	2018-05-14 17:04:22	1	0	1	0
      102	2018-05-14 17:04:25	1	0	1	0
      126	2018-05-14 17:06:24	1	0	1	0
      124	2018-05-14 17:06:35	1	0	1	0
      131	2018-05-14 17:06:41	1	0	1	0
      123	2018-05-14 17:06:51	1	0	1	0
      127	2018-05-14 17:07:48	1	0	1	0
      127	2018-05-14 17:07:51	1	0	1	0
      118	2018-05-14 17:08:24	1	0	1	0
      118	2018-05-14 17:08:25	1	0	1	0
      101	2018-05-14 17:10:15	1	0	1	0
      123	2018-05-14 17:14:31	1	0	1	0
      121	2018-05-14 17:15:53	1	0	1	0
      125	2018-05-14 17:29:26	1	0	1	0
      110	2018-05-14 17:39:41	1	0	1	0
      110	2018-05-14 17:39:44	1	0	1	0
      112	2018-05-14 17:39:50	1	0	1	0
      112	2018-05-14 17:39:53	1	0	1	0
      114	2018-05-14 17:41:52	1	0	1	0
      114	2018-05-14 17:41:58	1	0	1	0
      115	2018-05-14 17:42:04	1	0	1	0
      115	2018-05-14 17:42:11	1	0	1	0
      117	2018-05-14 17:42:25	1	0	1	0
      117	2018-05-14 17:42:27	1	0	1	0
      117	2018-05-14 17:42:30	1	0	1	0
      113	2018-05-14 17:42:36	1	0	1	0
      113	2018-05-14 17:42:40	1	0	1	0
      111	2018-05-14 17:44:57	1	0	1	0
      111	2018-05-14 17:45:00	1	0	1	0
      103	2018-05-14 17:46:34	1	0	1	0
      103	2018-05-14 17:46:37	1	0	1	0
      100	2018-05-14 17:46:59	1	0	1	0
      100	2018-05-14 17:47:02	1	0	1	0
      122	2018-05-14 18:05:45	1	0	1	0
      106	2018-05-14 18:12:02	1	0	1	0
      106	2018-05-14 18:12:06	1	0	1	0
      106	2018-05-14 18:12:13	1	0	1	0
      120	2018-05-14 18:19:49	1	0	1	0
      120	2018-05-14 18:19:53	1	0	1	0
      120	2018-05-14 18:19:55	1	0	1	0
      119	2018-05-14 18:20:03	1	0	1	0
      119	2018-05-14 18:20:05	1	0	1	0
      107	2018-05-14 18:20:34	1	0	1	0
      107	2018-05-14 18:20:36	1	0	1	0
      105	2018-05-14 18:37:09	1	0	1	0
      105	2018-05-14 18:37:11	1	0	1	0
      128	2018-05-14 18:50:46	1	0	1	0
      128	2018-05-14 18:50:50	1	0	1	0
      116	2018-05-14 18:51:03	1	0	1	0
      116	2018-05-14 18:51:07	1	0	1	0
      132	2018-05-15 06:32:06	1	0	1	0
      132	2018-05-15 06:32:07	1	0	1	0
      132	2018-05-15 06:32:09	1	0	1	0
      127	2018-05-15 07:01:25	1	0	1	0
      124	2018-05-15 07:15:59	1	0	1	0
      105	2018-05-15 07:21:25	1	0	1	0
      125	2018-05-15 07:22:17	1	0	1	0
      116	2018-05-15 07:28:15	1	0	1	0
      121	2018-05-15 07:30:35	1	0	1	0
      112	2018-05-15 07:31:04	1	0	1	0
      112	2018-05-15 07:31:06	1	0	1	0
      107	2018-05-15 07:35:34	1	0	1	0
      107	2018-05-15 07:35:36	1	0	1	0
      126	2018-05-15 07:36:06	1	0	1	0
      120	2018-05-15 07:41:31	1	0	1	0
      120	2018-05-15 07:41:32	1	0	1	0
      120	2018-05-15 07:41:33	1	0	1	0
      122	2018-05-15 07:42:33	1	0	1	0
      123	2018-05-15 07:42:35	1	0	1	0
      122	2018-05-15 07:42:38	1	0	1	0
      122	2018-05-15 07:42:41	1	0	1	0
      131	2018-05-15 08:08:10	1	0	1	0
      103	2018-05-15 08:19:48	1	0	1	0
      103	2018-05-15 08:19:50	1	0	1	0
      110	2018-05-15 08:19:56	1	0	1	0
      110	2018-05-15 08:19:57	1	0	1	0
      111	2018-05-15 08:29:40	1	0	1	0
      114	2018-05-15 08:45:45	1	0	1	0
      114	2018-05-15 08:45:47	1	0	1	0
      119	2018-05-15 08:51:00	1	0	1	0
      119	2018-05-15 08:51:02	1	0	1	0
      106	2018-05-15 08:58:11	1	0	1	0
      106	2018-05-15 08:58:14	1	0	1	0
      128	2018-05-15 09:01:28	1	0	1	0
      128	2018-05-15 09:01:32	1	0	1	0
      102	2018-05-15 09:11:50	1	0	1	0
      102	2018-05-15 09:11:52	1	0	1	0
      132	2018-05-15 17:01:15	1	0	1	0
      132	2018-05-15 17:01:17	1	0	1	0
      124	2018-05-15 17:03:16	1	0	1	0
      123	2018-05-15 17:04:47	1	0	1	0
      125	2018-05-15 17:07:55	1	0	1	0
      125	2018-05-15 17:07:56	1	0	1	0
      127	2018-05-15 17:10:03	1	0	1	0
      110	2018-05-15 17:11:11	1	0	1	0
      110	2018-05-15 17:11:13	1	0	1	0
      121	2018-05-15 17:20:38	1	0	1	0
      112	2018-05-15 17:23:23	1	0	1	0
      112	2018-05-15 17:23:27	1	0	1	0
      122	2018-05-15 17:34:48	1	0	1	0
      122	2018-05-15 17:34:54	1	0	1	0
      120	2018-05-15 17:43:34	1	0	1	0
      120	2018-05-15 17:43:35	1	0	1	0
      120	2018-05-15 17:43:37	1	0	1	0
      100	2018-05-15 17:47:48	1	0	1	0
      100	2018-05-15 17:47:51	1	0	1	0
      131	2018-05-15 17:50:59	1	0	1	0
      126	2018-05-15 17:53:26	1	0	1	0
      113	2018-05-15 17:54:54	1	0	1	0
      113	2018-05-15 17:54:59	1	0	1	0
      106	2018-05-15 18:12:35	1	0	1	0
      106	2018-05-15 18:12:40	1	0	1	0
      106	2018-05-15 18:12:51	1	0	1	0
      107	2018-05-15 18:20:37	1	0	1	0
      107	2018-05-15 18:20:38	1	0	1	0
      119	2018-05-15 18:22:09	1	0	1	0
      119	2018-05-15 18:22:10	1	0	1	0
      118	2018-05-15 18:22:13	1	0	1	0
      118	2018-05-15 18:22:15	1	0	1	0
      111	2018-05-15 18:22:31	1	0	1	0
      102	2018-05-15 18:25:55	1	0	1	0
      102	2018-05-15 18:25:58	1	0	1	0
      103	2018-05-15 19:20:40	1	0	1	0
      103	2018-05-15 19:20:43	1	0	1	0
      114	2018-05-15 19:20:54	1	0	1	0
      114	2018-05-15 19:20:57	1	0	1	0
      114	2018-05-15 19:21:02	1	0	1	0
      115	2018-05-15 19:25:18	1	0	1	0
      115	2018-05-15 19:25:25	1	0	1	0
      115	2018-05-15 19:25:28	1	0	1	0
      115	2018-05-15 19:25:31	1	0	1	0
      117	2018-05-15 19:25:40	1	0	1	0
      117	2018-05-15 19:25:47	1	0	1	0
      117	2018-05-15 19:25:53	1	0	1	0
      128	2018-05-15 19:26:22	1	0	1	0
      128	2018-05-15 19:26:24	1	0	1	0
      116	2018-05-15 19:28:53	1	0	1	0
      116	2018-05-15 19:28:56	1	0	1	0
      132	2018-05-16 06:39:20	1	0	1	0
      132	2018-05-16 06:39:22	1	0	1	0
      132	2018-05-16 06:39:24	1	0	1	0
      117	2018-05-16 06:49:36	1	0	1	0
      117	2018-05-16 06:49:43	1	0	1	0
      124	2018-05-16 07:16:21	1	0	1	0
      121	2018-05-16 07:27:30	1	0	1	0
      120	2018-05-16 07:28:03	1	0	1	0
      120	2018-05-16 07:28:04	1	0	1	0
      120	2018-05-16 07:28:06	1	0	1	0
      116	2018-05-16 07:28:25	1	0	1	0
      125	2018-05-16 07:31:28	1	0	1	0
      107	2018-05-16 07:36:46	1	0	1	0
      107	2018-05-16 07:36:48	1	0	1	0
      127	2018-05-16 07:38:08	1	0	1	0
      127	2018-05-16 07:38:10	1	0	1	0
      122	2018-05-16 07:38:52	1	0	1	0
      122	2018-05-16 07:38:59	1	0	1	0
      123	2018-05-16 07:40:47	1	0	1	0
      123	2018-05-16 07:40:49	1	0	1	0
      114	2018-05-16 07:42:40	1	0	1	0
      114	2018-05-16 07:42:44	1	0	1	0
      105	2018-05-16 07:44:05	1	0	1	0
      112	2018-05-16 07:47:51	1	0	1	0
      112	2018-05-16 07:47:53	1	0	1	0
      128	2018-05-16 08:02:28	1	0	1	0
      128	2018-05-16 08:02:31	1	0	1	0
      110	2018-05-16 08:18:20	1	0	1	0
      110	2018-05-16 08:18:21	1	0	1	0
      106	2018-05-16 08:21:15	1	0	1	0
      106	2018-05-16 08:21:20	1	0	1	0
      104	2018-05-16 08:26:39	1	0	1	0
      102	2018-05-16 08:39:35	1	0	1	0
      102	2018-05-16 08:39:37	1	0	1	0
      131	2018-05-16 08:50:02	1	0	1	0
      103	2018-05-16 09:01:24	1	0	1	0
      103	2018-05-16 09:01:27	1	0	1	0
      119	2018-05-16 09:13:21	1	0	1	0
      119	2018-05-16 09:13:24	1	0	1	0
      111	2018-05-16 09:46:31	1	0	1	0
      105	2018-05-16 16:59:07	1	0	1	0
      125	2018-05-16 17:00:49	1	0	1	0
      132	2018-05-16 17:01:00	1	0	1	0
      132	2018-05-16 17:01:02	1	0	1	0
      124	2018-05-16 17:02:10	1	0	1	0
      126	2018-05-16 17:03:15	1	0	1	0
      127	2018-05-16 17:03:21	1	0	1	0
      110	2018-05-16 17:03:33	1	0	1	0
      110	2018-05-16 17:03:35	1	0	1	0
      112	2018-05-16 17:03:58	1	0	1	0
      112	2018-05-16 17:04:02	1	0	1	0
      123	2018-05-16 17:06:40	1	0	1	0
      121	2018-05-16 17:14:05	1	0	1	0
      122	2018-05-16 17:23:16	1	0	1	0
      122	2018-05-16 17:23:19	1	0	1	0
      131	2018-05-16 17:23:27	1	0	1	0
      106	2018-05-16 17:38:43	1	0	1	0
      106	2018-05-16 17:38:46	1	0	1	0
      107	2018-05-16 17:39:17	1	0	1	0
      107	2018-05-16 17:39:19	1	0	1	0
      104	2018-05-16 17:39:25	1	0	1	0
      104	2018-05-16 17:49:26	1	0	1	0
      101	2018-05-16 17:57:00	1	0	1	0
      101	2018-05-16 17:57:01	1	0	1	0
      120	2018-05-16 18:24:41	1	0	1	0
      120	2018-05-16 18:24:42	1	0	1	0
      120	2018-05-16 18:24:44	1	0	1	0
      128	2018-05-16 18:31:34	1	0	1	0
      128	2018-05-16 18:31:36	1	0	1	0
      119	2018-05-16 18:34:32	1	0	1	0
      119	2018-05-16 18:34:33	1	0	1	0
      114	2018-05-16 18:45:44	1	0	1	0
      114	2018-05-16 18:45:49	1	0	1	0
      113	2018-05-16 18:48:01	1	0	1	0
      113	2018-05-16 18:48:04	1	0	1	0
      100	2018-05-16 19:00:46	1	0	1	0
      100	2018-05-16 19:00:48	1	0	1	0
      103	2018-05-16 19:10:38	1	0	1	0
      103	2018-05-16 19:10:41	1	0	1	0
      102	2018-05-16 19:22:22	1	0	1	0
      102	2018-05-16 19:22:24	1	0	1	0
      117	2018-05-16 19:37:59	1	0	1	0
      117	2018-05-16 19:38:05	1	0	1	0
      117	2018-05-16 19:38:12	1	0	1	0
      111	2018-05-16 19:38:21	1	0	1	0
      111	2018-05-16 19:38:38	1	0	1	0
      118	2018-05-16 19:38:58	1	0	1	0
      118	2018-05-16 19:39:01	1	0	1	0
      116	2018-05-16 19:39:09	1	0	1	0
      116	2018-05-16 19:39:11	1	0	1	0
      115	2018-05-16 20:16:31	1	0	1	0
      115	2018-05-16 20:16:36	1	0	1	0
      115	2018-05-16 20:16:43	1	0	1	0
      115	2018-05-16 20:16:46	1	0	1	0
      132	2018-05-17 06:30:38	1	0	1	0
      132	2018-05-17 06:30:40	1	0	1	0
      117	2018-05-17 07:01:31	1	0	1	0
      117	2018-05-17 07:01:34	1	0	1	0
      117	2018-05-17 07:01:37	1	0	1	0
      124	2018-05-17 07:24:14	1	0	1	0
      112	2018-05-17 07:29:05	1	0	1	0
      112	2018-05-17 07:29:07	1	0	1	0
      116	2018-05-17 07:31:14	1	0	1	0
      120	2018-05-17 07:31:17	1	0	1	0
      120	2018-05-17 07:31:18	1	0	1	0
      121	2018-05-17 07:32:35	1	0	1	0
      127	2018-05-17 07:37:03	1	0	1	0
      123	2018-05-17 07:37:54	1	0	1	0
      123	2018-05-17 07:37:56	1	0	1	0
      125	2018-05-17 07:39:43	1	0	1	0
      105	2018-05-17 07:45:21	1	0	1	0
      107	2018-05-17 07:50:16	1	0	1	0
      107	2018-05-17 07:50:18	1	0	1	0
      104	2018-05-17 07:52:40	1	0	1	0
      106	2018-05-17 07:57:42	1	0	1	0
      106	2018-05-17 07:57:45	1	0	1	0
      122	2018-05-17 08:12:48	1	0	1	0
      122	2018-05-17 08:12:50	1	0	1	0
      128	2018-05-17 08:14:49	1	0	1	0
      128	2018-05-17 08:14:51	1	0	1	0
      110	2018-05-17 08:24:07	1	0	1	0
      110	2018-05-17 08:24:09	1	0	1	0
      102	2018-05-17 08:48:23	1	0	1	0
      102	2018-05-17 08:48:26	1	0	1	0
      114	2018-05-17 09:04:11	1	0	1	0
      114	2018-05-17 09:04:14	1	0	1	0
      103	2018-05-17 09:05:01	1	0	1	0
      103	2018-05-17 09:05:03	1	0	1	0
      132	2018-05-17 11:00:55	1	0	1	0
      132	2018-05-17 11:00:57	1	0	1	0
      126	2018-05-17 16:17:49	1	0	1	0
      124	2018-05-17 16:27:40	1	0	1	0
      125	2018-05-17 16:35:02	1	0	1	0
      127	2018-05-17 16:35:10	1	0	1	0
      127	2018-05-17 16:35:12	1	0	1	0
      110	2018-05-17 16:35:15	1	0	1	0
      110	2018-05-17 16:35:17	1	0	1	0
      112	2018-05-17 16:35:50	1	0	1	0
      112	2018-05-17 16:35:55	1	0	1	0
      121	2018-05-17 16:58:18	1	0	1	0
      101	2018-05-17 16:58:30	1	0	1	0
      106	2018-05-17 17:29:57	1	0	1	0
      106	2018-05-17 17:30:00	1	0	1	0
      120	2018-05-17 17:31:04	1	0	1	0
      120	2018-05-17 17:31:06	1	0	1	0
      104	2018-05-17 17:36:07	1	0	1	0
      122	2018-05-17 17:36:34	1	0	1	0
      122	2018-05-17 17:36:40	1	0	1	0
      100	2018-05-17 17:52:47	1	0	1	0
      100	2018-05-17 17:52:49	1	0	1	0
      105	2018-05-17 18:10:58	1	0	1	0
      107	2018-05-17 18:12:02	1	0	1	0
      107	2018-05-17 18:12:04	1	0	1	0
      113	2018-05-17 18:37:09	1	0	1	0
      113	2018-05-17 18:37:15	1	0	1	0
      102	2018-05-17 18:41:10	1	0	1	0
      102	2018-05-17 18:41:12	1	0	1	0
      117	2018-05-17 19:21:44	1	0	1	0
      117	2018-05-17 19:21:50	1	0	1	0
      117	2018-05-17 19:21:56	1	0	1	0
      128	2018-05-17 19:22:07	1	0	1	0
      128	2018-05-17 19:22:12	1	0	1	0
      115	2018-05-17 19:22:21	1	0	1	0
      115	2018-05-17 19:22:25	1	0	1	0
      115	2018-05-17 19:22:35	1	0	1	0
      114	2018-05-17 19:22:45	1	0	1	0
      114	2018-05-17 19:22:47	1	0	1	0
      114	2018-05-17 19:22:50	1	0	1	0
      114	2018-05-17 19:22:52	1	0	1	0
      114	2018-05-17 19:22:55	1	0	1	0
      114	2018-05-17 19:23:06	1	0	1	0
      103	2018-05-17 19:23:32	1	0	1	0
      103	2018-05-17 19:23:41	1	0	1	0
      116	2018-05-17 19:27:39	1	0	1	0
      116	2018-05-17 19:27:41	1	0	1	0
      132	2018-05-18 06:22:28	1	0	1	0
      132	2018-05-18 06:22:29	1	0	1	0
      117	2018-05-18 06:55:14	1	0	1	0
      117	2018-05-18 06:55:20	1	0	1	0
      117	2018-05-18 06:55:26	1	0	1	0
      125	2018-05-18 07:14:53	1	0	1	0
      116	2018-05-18 07:31:50	1	0	1	0
      123	2018-05-18 07:35:27	1	0	1	0
      124	2018-05-18 07:38:59	1	0	1	0
      105	2018-05-18 07:42:07	1	0	1	0
      127	2018-05-18 07:42:57	1	0	1	0
      107	2018-05-18 07:44:31	1	0	1	0
      107	2018-05-18 07:44:33	1	0	1	0
      131	2018-05-18 07:44:44	1	0	1	0
      110	2018-05-18 07:58:23	1	0	1	0
      110	2018-05-18 07:58:25	1	0	1	0
      104	2018-05-18 08:02:15	1	0	1	0
      120	2018-05-18 08:03:01	1	0	1	0
      106	2018-05-18 08:05:44	1	0	1	0
      106	2018-05-18 08:05:48	1	0	1	0
      121	2018-05-18 08:06:54	1	0	1	0
      122	2018-05-18 08:11:20	1	0	1	0
      112	2018-05-18 08:17:48	1	0	1	0
      112	2018-05-18 08:17:51	1	0	1	0
      128	2018-05-18 08:22:32	1	0	1	0
      128	2018-05-18 08:22:39	1	0	1	0
      114	2018-05-18 08:31:49	1	0	1	0
      114	2018-05-18 08:31:55	1	0	1	0
      102	2018-05-18 08:57:42	1	0	1	0
      102	2018-05-18 08:57:47	1	0	1	0
      103	2018-05-18 09:32:06	1	0	1	0
      103	2018-05-18 09:32:13	1	0	1	0
      132	2018-05-18 11:39:04	1	0	1	0
      132	2018-05-18 11:39:06	1	0	1	0
      125	2018-05-18 11:47:40	1	0	1	0
      123	2018-05-18 11:58:37	1	0	1	0
      123	2018-05-18 11:58:39	1	0	1	0
      131	2018-05-18 11:58:50	1	0	1	0
      121	2018-05-18 12:01:27	1	0	1	0
      121	2018-05-18 12:01:29	1	0	1	0
      124	2018-05-18 12:08:35	1	0	1	0
      110	2018-05-18 12:08:40	1	0	1	0
      110	2018-05-18 12:08:41	1	0	1	0
      127	2018-05-18 12:08:46	1	0	1	0
      127	2018-05-18 12:08:50	1	0	1	0
      112	2018-05-18 12:09:42	1	0	1	0
      112	2018-05-18 12:09:45	1	0	1	0
      100	2018-05-18 12:17:15	1	0	1	0
      100	2018-05-18 12:17:20	1	0	1	0
      106	2018-05-18 12:37:47	1	0	1	0
      106	2018-05-18 12:37:49	1	0	1	0
      122	2018-05-18 13:18:58	1	0	1	0
      122	2018-05-18 13:19:00	1	0	1	0
      120	2018-05-18 13:19:18	1	0	1	0
      120	2018-05-18 13:19:20	1	0	1	0
      104	2018-05-18 13:19:33	1	0	1	0
      104	2018-05-18 13:19:35	1	0	1	0
      102	2018-05-18 16:29:33	1	0	1	0
      102	2018-05-18 16:29:35	1	0	1	0
      107	2018-05-18 16:52:55	1	0	1	0
      107	2018-05-18 16:52:56	1	0	1	0
      105	2018-05-18 16:52:59	1	0	1	0
      105	2018-05-18 16:53:01	1	0	1	0
      115	2018-05-18 17:14:41	1	0	1	0
      115	2018-05-18 17:14:46	1	0	1	0
      115	2018-05-18 17:14:52	1	0	1	0
      113	2018-05-18 18:04:02	1	0	1	0
      113	2018-05-18 18:04:07	1	0	1	0
      114	2018-05-18 18:04:15	1	0	1	0
      114	2018-05-18 18:04:22	1	0	1	0
      114	2018-05-18 18:04:26	1	0	1	0
      111	2018-05-18 19:00:57	1	0	1	0
      111	2018-05-18 19:01:01	1	0	1	0
      103	2018-05-18 19:06:53	1	0	1	0
      103	2018-05-18 19:07:01	1	0	1	0
      103	2018-05-18 19:07:02	1	0	1	0
      103	2018-05-18 19:07:04	1	0	1	0
      117	2018-05-18 19:17:25	1	0	1	0
      117	2018-05-18 19:17:29	1	0	1	0
      117	2018-05-18 19:17:34	1	0	1	0
      128	2018-05-18 19:17:42	1	0	1	0
      128	2018-05-18 19:17:52	1	0	1	0
      128	2018-05-18 19:17:58	1	0	1	0
      116	2018-05-18 19:18:04	1	0	1	0
      116	2018-05-18 19:18:06	1	0	1	0
      116	2018-05-18 19:18:08	1	0	1	0
      132	2018-05-21 06:22:46	1	0	1	0
      132	2018-05-21 06:22:48	1	0	1	0
      118	2018-05-21 06:52:50	1	0	1	0
      118	2018-05-21 06:52:52	1	0	1	0
      116	2018-05-21 07:11:33	1	0	1	0
      107	2018-05-21 07:21:46	1	0	1	0
      107	2018-05-21 07:21:56	1	0	1	0
      101	2018-05-21 07:24:34	1	0	1	0
      120	2018-05-21 07:25:37	1	0	1	0
      120	2018-05-21 07:25:38	1	0	1	0
      128	2018-05-21 07:25:44	1	0	1	0
      128	2018-05-21 07:25:47	1	0	1	0
      122	2018-05-21 07:27:31	1	0	1	0
      122	2018-05-21 07:27:33	1	0	1	0
      105	2018-05-21 07:31:43	1	0	1	0
      124	2018-05-21 07:40:08	1	0	1	0
      127	2018-05-21 07:40:12	1	0	1	0
      114	2018-05-21 07:45:04	1	0	1	0
      114	2018-05-21 07:45:12	1	0	1	0
      104	2018-05-21 07:48:14	1	0	1	0
      112	2018-05-21 07:48:57	1	0	1	0
      112	2018-05-21 07:48:59	1	0	1	0
      125	2018-05-21 07:49:09	1	0	1	0
      131	2018-05-21 07:52:28	1	0	1	0
      131	2018-05-21 07:52:35	1	0	1	0
      121	2018-05-21 08:11:26	1	0	1	0
      106	2018-05-21 08:20:36	1	0	1	0
      106	2018-05-21 08:20:40	1	0	1	0
      126	2018-05-21 08:23:21	1	0	1	0
      119	2018-05-21 08:34:32	1	0	1	0
      119	2018-05-21 08:34:33	1	0	1	0
      102	2018-05-21 08:36:01	1	0	1	0
      102	2018-05-21 08:36:03	1	0	1	0
      103	2018-05-21 08:40:44	1	0	1	0
      103	2018-05-21 08:40:47	1	0	1	0
      115	2018-05-21 09:13:55	1	0	1	0
      132	2018-05-21 16:22:45	1	0	1	0
      132	2018-05-21 16:22:46	1	0	1	0
      124	2018-05-21 16:25:59	1	0	1	0
      131	2018-05-21 16:26:05	1	0	1	0
      126	2018-05-21 16:26:48	1	0	1	0
      127	2018-05-21 16:27:00	1	0	1	0
      125	2018-05-21 16:27:06	1	0	1	0
      112	2018-05-21 16:28:19	1	0	1	0
      112	2018-05-21 16:28:23	1	0	1	0
      121	2018-05-21 16:37:58	1	0	1	0
      122	2018-05-21 16:46:51	1	0	1	0
      122	2018-05-21 16:46:54	1	0	1	0
      104	2018-05-21 16:49:34	1	0	1	0
      104	2018-05-21 16:49:36	1	0	1	0
      101	2018-05-21 17:04:41	1	0	1	0
      120	2018-05-21 17:06:04	1	0	1	0
      120	2018-05-21 17:06:06	1	0	1	0
      100	2018-05-21 17:08:02	1	0	1	0
      100	2018-05-21 17:08:08	1	0	1	0
      106	2018-05-21 17:18:47	1	0	1	0
      106	2018-05-21 17:18:48	1	0	1	0
      106	2018-05-21 17:18:52	1	0	1	0
      102	2018-05-21 17:24:53	1	0	1	0
      102	2018-05-21 17:24:55	1	0	1	0
      107	2018-05-21 17:30:34	1	0	1	0
      107	2018-05-21 17:30:36	1	0	1	0
      119	2018-05-21 17:51:36	1	0	1	0
      119	2018-05-21 17:51:39	1	0	1	0
      117	2018-05-21 17:57:36	1	0	1	0
      117	2018-05-21 17:57:42	1	0	1	0
      113	2018-05-21 17:57:48	1	0	1	0
      113	2018-05-21 17:57:53	1	0	1	0
      114	2018-05-21 18:06:10	1	0	1	0
      114	2018-05-21 18:06:16	1	0	1	0
      103	2018-05-21 18:06:23	1	0	1	0
      103	2018-05-21 18:06:29	1	0	1	0
      105	2018-05-21 18:12:36	1	0	1	0
      128	2018-05-21 19:04:40	1	0	1	0
      128	2018-05-21 19:04:44	1	0	1	0
      118	2018-05-21 19:13:41	1	0	1	0
      118	2018-05-21 19:13:45	1	0	1	0
      111	2018-05-21 19:13:53	1	0	1	0
      111	2018-05-21 19:13:57	1	0	1	0
      116	2018-05-21 19:14:04	1	0	1	0
      116	2018-05-21 19:14:06	1	0	1	0
      132	2018-05-22 06:34:58	1	0	1	0
      132	2018-05-22 06:35:00	1	0	1	0
      127	2018-05-22 07:19:08	1	0	1	0
      126	2018-05-22 07:28:33	1	0	1	0
      116	2018-05-22 07:30:48	1	0	1	0
      105	2018-05-22 07:35:53	1	0	1	0
      106	2018-05-22 07:39:35	1	0	1	0
      106	2018-05-22 07:39:37	1	0	1	0
      124	2018-05-22 07:41:52	1	0	1	0
      105	2018-05-22 07:42:32	1	0	1	0
      105	2018-05-22 07:42:34	1	0	1	0
      123	2018-05-22 07:44:10	1	0	1	0
      114	2018-05-22 07:44:53	1	0	1	0
      114	2018-05-22 07:44:58	1	0	1	0
      122	2018-05-22 07:50:27	1	0	1	0
      122	2018-05-22 07:50:30	1	0	1	0
      125	2018-05-22 07:54:41	1	0	1	0
      107	2018-05-22 07:56:00	1	0	1	0
      107	2018-05-22 07:56:02	1	0	1	0
      121	2018-05-22 08:00:56	1	0	1	0
      120	2018-05-22 08:03:16	1	0	1	0
      128	2018-05-22 08:03:28	1	0	1	0
      128	2018-05-22 08:03:32	1	0	1	0
      104	2018-05-22 08:07:02	1	0	1	0
      103	2018-05-22 08:30:38	1	0	1	0
      103	2018-05-22 08:30:44	1	0	1	0
      119	2018-05-22 08:30:48	1	0	1	0
      119	2018-05-22 08:30:51	1	0	1	0
      112	2018-05-22 08:59:31	1	0	1	0
      112	2018-05-22 08:59:34	1	0	1	0
      131	2018-05-22 09:01:39	1	0	1	0
      101	2018-05-22 09:06:13	1	0	1	0
      121	2018-05-22 16:04:20	1	0	1	0
      132	2018-05-22 16:15:02	1	0	1	0
      132	2018-05-22 16:15:03	1	0	1	0
      124	2018-05-22 16:15:57	1	0	1	0
      125	2018-05-22 16:20:02	1	0	1	0
      123	2018-05-22 16:21:23	1	0	1	0
      126	2018-05-22 16:31:25	1	0	1	0
      127	2018-05-22 16:35:06	1	0	1	0
      112	2018-05-22 16:54:20	1	0	1	0
      112	2018-05-22 16:54:23	1	0	1	0
      131	2018-05-22 16:54:42	1	0	1	0
      122	2018-05-22 17:11:18	1	0	1	0
      122	2018-05-22 17:11:24	1	0	1	0
      106	2018-05-22 17:11:44	1	0	1	0
      106	2018-05-22 17:11:48	1	0	1	0
      100	2018-05-22 17:17:35	1	0	1	0
      100	2018-05-22 17:17:38	1	0	1	0
      104	2018-05-22 17:17:48	1	0	1	0
      101	2018-05-22 17:18:43	1	0	1	0
      102	2018-05-22 17:42:46	1	0	1	0
      102	2018-05-22 17:42:49	1	0	1	0
      113	2018-05-22 18:11:00	1	0	1	0
      113	2018-05-22 18:11:05	1	0	1	0
      119	2018-05-22 18:18:19	1	0	1	0
      119	2018-05-22 18:18:21	1	0	1	0
      118	2018-05-22 18:18:27	1	0	1	0
      118	2018-05-22 18:18:29	1	0	1	0
      128	2018-05-22 18:25:56	1	0	1	0
      128	2018-05-22 18:26:00	1	0	1	0
      128	2018-05-22 18:26:07	1	0	1	0
      114	2018-05-22 18:26:14	1	0	1	0
      114	2018-05-22 18:26:19	1	0	1	0
      103	2018-05-22 18:26:27	1	0	1	0
      103	2018-05-22 18:26:28	1	0	1	0
      103	2018-05-22 18:26:36	1	0	1	0
      120	2018-05-22 18:27:03	1	0	1	0
      120	2018-05-22 18:27:05	1	0	1	0
      105	2018-05-22 18:33:52	1	0	1	0
      107	2018-05-22 18:34:12	1	0	1	0
      107	2018-05-22 18:34:14	1	0	1	0
      117	2018-05-22 20:02:23	1	0	1	0
      117	2018-05-22 20:02:25	1	0	1	0
      117	2018-05-22 20:02:28	1	0	1	0
      117	2018-05-22 20:02:34	1	0	1	0
      115	2018-05-22 20:02:44	1	0	1	0
      115	2018-05-22 20:02:55	1	0	1	0
      111	2018-05-22 20:03:14	1	0	1	0
      111	2018-05-22 20:03:21	1	0	1	0
      116	2018-05-22 20:03:29	1	0	1	0
      116	2018-05-22 20:03:31	1	0	1	0
      132	2018-05-23 06:33:11	1	0	1	0
      132	2018-05-23 06:33:14	1	0	1	0
      132	2018-05-23 06:33:16	1	0	1	0
      132	2018-05-23 06:33:17	1	0	1	0
      127	2018-05-23 07:23:25	1	0	1	0
      127	2018-05-23 07:23:30	1	0	1	0
      112	2018-05-23 07:23:50	1	0	1	0
      112	2018-05-23 07:23:52	1	0	1	0
      105	2018-05-23 07:26:08	1	0	1	0
      124	2018-05-23 07:26:12	1	0	1	0
      120	2018-05-23 07:30:49	1	0	1	0
      116	2018-05-23 07:31:20	1	0	1	0
      126	2018-05-23 07:36:25	1	0	1	0
      107	2018-05-23 07:41:22	1	0	1	0
      107	2018-05-23 07:41:23	1	0	1	0
      123	2018-05-23 07:44:20	1	0	1	0
      123	2018-05-23 07:44:21	1	0	1	0
      125	2018-05-23 07:47:38	1	0	1	0
      122	2018-05-23 07:52:36	1	0	1	0
      122	2018-05-23 07:52:39	1	0	1	0
      104	2018-05-23 07:58:25	1	0	1	0
      106	2018-05-23 08:00:20	1	0	1	0
      106	2018-05-23 08:00:22	1	0	1	0
      121	2018-05-23 08:10:19	1	0	1	0
      114	2018-05-23 08:13:31	1	0	1	0
      114	2018-05-23 08:13:36	1	0	1	0
      110	2018-05-23 08:16:05	1	0	1	0
      131	2018-05-23 08:20:43	1	0	1	0
      128	2018-05-23 08:26:32	1	0	1	0
      128	2018-05-23 08:26:37	1	0	1	0
      103	2018-05-23 09:01:48	1	0	1	0
      103	2018-05-23 09:01:51	1	0	1	0
      101	2018-05-23 09:03:26	1	0	1	0
      102	2018-05-23 09:11:37	1	0	1	0
      102	2018-05-23 09:11:41	1	0	1	0
